100 100
26.08 41.38 65.94 17.41 9.7 20.19 0.18 16.05 76.01 37.78 79.59 92.75 58.03 30.08 39.86 94.64 77.93 43.0 74.45 46.44 83.99 93.27 11.36 73.7 48.38 73.43 92.05 66.4 49.0 24.2 0.92 2.38 3.74 15.58 41.12 32.19 99.53 49.2 77.16 12.0 59.51 18.7 68.21 59.79 22.23 42.4 97.33 1.48 64.03 13.17 61.28 68.23 82.11 93.82 23.18 4.03 70.09 23.65 46.01 43.4 59.66 91.09 18.82 23.2 72.93 71.1 59.48 99.53 28.11 21.59 27.76 51.1 68.18 82.91 11.11 63.65 36.73 26.6 51.38 6.71 8.26 55.24 65.59 33.43 91.15 64.07 76.25 57.1 60.68 36.63 7.52 83.81 46.84 61.73 22.34 9.61 96.92 27.22 72.58 22.87 
56.68 67.04 9.54 87.64 65.19 12.46 54.97 22.13 38.61 25.82 64.71 28.19 25.75 75.69 25.87 71.96 54.49 46.0 16.58 63.9 52.27 58.57 22.79 37.22 16.05 28.3 50.6 77.47 27.69 63.58 94.36 13.71 59.06 70.33 21.22 41.39 88.13 17.7 10.58 10.74 51.65 75.84 43.74 80.97 93.42 41.41 73.09 10.14 27.83 25.81 13.01 23.29 27.64 92.18 85.37 77.33 62.28 92.87 21.25 20.31 58.33 76.55 67.55 24.55 27.31 5.8 72.3 58.69 7.77 49.98 25.58 51.83 98.11 95.78 14.46 94.52 14.91 48.56 9.64 16.11 97.2 80.87 39.35 75.56 91.44 21.8 21.45 3.71 94.27 70.55 18.87 39.15 0.51 60.53 55.24 6.76 2.23 96.87 77.68 98.45 
11.7 39.16 82.25 28.82 35.56 3.85 23.34 55.09 10.53 16.39 13.42 70.23 22.06 51.71 81.5 0.99 66.38 63.49 0.06 68.39 83.88 17.78 8.31 97.26 86.94 14.33 57.34 93.52 28.95 0.45 77.31 43.17 13.05 56.27 20.22 25.28 18.71 58.02 63.22 72.94 32.22 6.12 66.76 60.48 3.36 39.01 69.62 43.34 14.43 40.15 68.39 27.53 40.36 85.54 73.08 99.96 98.74 72.53 52.14 7.74 37.48 16.43 80.81 35.01 84.17 1.09 84.28 89.13 86.2 21.8 24.14 74.63 3.44 64.74 10.49 2.9 76.59 25.54 35.17 58.42 83.01 81.57 12.0 18.11 9.69 97.53 78.74 99.39 17.97 61.78 62.75 94.94 48.32 22.2 37.06 36.83 15.33 14.72 97.07 21.82 
72.42 54.93 69.27 20.33 84.17 93.93 22.89 86.96 29.87 23.12 93.15 87.63 76.15 49.56 40.06 59.57 98.9 53.45 61.28 24.33 5.0 82.2 48.63 81.16 2.99 32.05 28.9 18.19 98.4 17.21 56.88 92.45 44.35 29.1 35.75 46.1 60.8 43.83 23.76 46.03 46.99 44.65 49.13 56.46 50.72 88.08 95.66 80.46 25.36 57.19 40.47 34.93 0.99 13.7 22.13 55.91 19.57 81.71 92.71 66.39 35.54 70.16 60.38 76.94 63.36 68.7 60.6 31.16 61.12 31.94 3.33 52.72 75.52 1.03 31.44 98.05 37.62 98.26 91.01 70.13 91.12 70.06 58.29 2.53 55.34 47.33 89.93 80.03 73.35 37.75 63.05 22.55 72.91 64.29 50.39 22.21 72.02 16.51 31.58 90.17 
94.23 86.95 76.37 39.34 19.82 23.18 48.29 1.72 87.93 38.55 67.72 55.36 82.25 88.99 42.27 14.46 78.08 41.63 19.57 18.64 2.31 32.15 42.29 42.58 59.36 32.06 88.63 35.33 5.93 24.46 63.07 90.55 15.48 17.58 61.1 43.28 59.14 8.94 69.88 86.51 44.16 49.82 82.04 2.04 93.08 49.81 93.85 3.78 17.36 3.96 30.99 99.03 37.73 21.66 95.24 83.27 30.07 85.25 53.47 97.66 30.52 69.3 96.97 94.73 16.42 6.46 83.26 77.46 90.69 95.13 35.54 99.71 36.4 5.44 15.15 41.81 75.6 55.42 1.83 4.12 61.89 96.91 12.98 93.57 59.77 72.36 68.79 13.3 15.33 77.59 62.68 4.06 2.89 93.38 28.53 27.45 39.76 28.93 5.08 25.69 
97.7 54.45 85.85 40.39 3.52 86.37 8.36 23.74 13.72 29.02 80.67 29.41 68.35 69.56 64.72 27.62 77.98 69.1 36.51 49.26 74.16 92.33 21.18 26.98 58.61 70.33 57.29 68.04 19.28 96.92 79.31 63.1 42.47 17.51 19.79 7.93 39.37 81.29 23.4 90.99 22.62 92.36 33.94 78.69 13.85 13.88 62.24 12.46 36.93 49.97 68.3 16.73 53.03 54.82 93.82 5.68 23.54 95.8 62.92 67.71 44.78 27.78 28.17 1.58 84.45 19.76 76.84 75.6 63.96 11.65 27.67 82.46 73.04 68.94 42.63 65.92 73.37 46.09 49.99 3.16 46.73 65.77 25.02 36.27 69.54 70.16 3.11 60.37 50.64 3.2 6.1 91.85 52.03 38.16 47.42 60.15 23.32 73.48 44.14 89.04 
19.67 81.83 4.47 59.44 40.62 12.23 78.59 74.73 22.22 12.96 57.29 81.55 38.64 64.51 78.12 34.48 21.13 85.76 51.98 31.35 81.8 4.39 54.41 87.27 37.73 62.82 35.34 60.39 67.03 64.74 88.61 89.8 92.4 54.17 88.29 57.3 80.2 58.9 42.86 38.2 63.43 23.2 39.85 64.05 45.58 0.84 54.24 80.03 18.76 78.93 71.53 43.21 34.63 55.41 33.23 74.54 99.38 98.49 46.72 46.82 24.9 75.41 14.03 63.93 57.84 49.12 25.04 62.13 25.14 7.07 29.08 43.68 80.26 3.79 46.3 34.67 7.75 70.56 4.89 44.7 45.58 69.53 93.79 93.96 14.34 47.21 1.56 65.22 0.31 72.72 71.85 32.38 25.63 30.08 43.27 15.44 52.55 70.31 57.32 12.41 
11.65 19.46 11.88 62.55 13.58 81.31 9.63 2.85 3.16 70.06 1.02 89.38 40.67 57.51 49.47 69.2 50.45 21.39 52.96 4.21 59.58 37.74 40.59 68.75 60.43 68.08 25.31 64.89 70.28 54.67 34.64 25.63 28.08 51.7 60.19 5.02 64.35 88.32 63.77 86.39 3.22 80.84 52.72 75.18 7.68 85.51 90.73 81.27 58.73 10.9 41.38 36.98 66.9 89.29 51.29 41.84 51.06 40.42 67.45 72.9 83.03 47.5 48.72 50.03 89.26 5.49 75.72 99.9 21.04 94.71 85.03 19.38 53.29 78.93 53.76 99.39 48.58 26.52 38.9 33.44 27.9 5.74 32.08 1.86 22.61 10.45 24.87 92.14 42.88 31.77 92.4 88.71 87.36 2.58 93.71 41.2 35.81 6.85 56.26 99.38 
12.09 64.02 58.66 85.09 78.26 69.38 51.31 56.54 22.27 96.41 57.27 9.02 31.54 43.75 77.49 47.36 2.6 40.55 83.76 60.18 22.93 7.45 20.4 23.67 75.49 7.27 51.47 63.72 58.44 9.33 84.07 8.85 83.33 34.77 70.29 73.88 13.1 45.76 40.5 24.45 28.35 91.55 48.81 85.57 64.85 26.26 18.09 74.45 48.27 68.95 55.95 56.89 63.02 85.39 76.39 49.83 31.54 32.61 1.79 17.91 47.3 22.25 39.31 41.64 0.44 26.89 22.51 66.14 58.44 74.59 84.08 75.27 15.77 51.43 78.97 74.05 6.49 58.87 8.27 3.78 81.44 53.93 3.96 59.06 87.75 33.08 22.1 23.41 52.72 8.42 57.68 91.4 66.27 63.9 38.36 98.86 76.4 72.97 76.29 40.14 
61.14 4.86 57.06 11.47 16.53 46.2 23.37 82.93 5.39 17.14 67.24 68.07 44.33 66.52 78.88 29.71 67.6 89.59 13.21 33.42 95.51 23.38 25.59 35.83 52.27 39.78 97.23 74.12 23.88 74.69 17.57 5.0 19.84 2.45 16.29 26.93 4.38 89.36 40.61 7.44 92.55 37.3 54.92 29.3 64.45 59.34 99.34 63.52 37.03 12.51 81.43 75.1 46.84 50.15 90.7 68.5 39.61 45.82 19.92 83.36 32.74 84.09 48.69 58.58 15.53 9.64 95.17 92.93 78.5 75.25 70.01 43.64 17.9 32.02 72.75 21.06 44.61 60.48 55.54 57.23 37.47 49.93 41.69 48.55 20.3 95.45 27.15 99.06 9.27 96.59 11.83 19.62 72.45 10.0 4.93 70.36 67.14 29.58 23.18 69.23 
72.19 41.74 54.34 27.63 12.07 31.11 89.65 15.8 77.8 92.31 38.22 5.08 85.45 37.4 24.24 82.18 77.33 75.17 33.29 81.12 63.25 78.55 18.09 32.84 19.52 49.31 96.02 89.4 12.08 35.73 70.59 40.06 86.57 57.77 87.6 99.73 73.24 47.21 92.85 17.12 87.17 15.35 92.71 19.17 65.66 19.93 31.76 81.3 73.41 14.45 91.95 88.94 23.84 28.23 87.0 34.62 9.96 43.37 72.63 77.23 11.79 6.37 18.05 75.18 49.27 35.97 87.77 93.56 78.92 66.56 63.77 77.08 90.95 97.11 97.9 74.91 48.97 98.95 21.53 1.64 29.23 72.82 55.68 19.09 58.01 35.5 58.35 28.02 16.71 59.32 17.87 65.74 82.38 84.08 51.24 15.92 98.11 70.25 94.53 50.3 
22.82 64.7 78.94 38.44 92.39 5.95 70.25 81.42 35.57 4.27 12.51 47.88 26.93 94.22 57.03 17.11 26.63 71.75 76.85 62.35 52.09 96.44 63.81 40.11 50.09 60.16 80.45 86.19 89.81 98.4 92.09 57.76 76.6 47.21 35.82 2.0 94.72 29.91 92.8 76.92 22.95 91.08 17.53 97.19 31.23 82.19 43.77 29.16 58.88 43.17 30.45 12.95 95.21 17.48 32.95 46.73 31.97 84.16 85.3 28.56 33.68 89.71 56.86 14.61 76.75 15.39 3.73 18.84 41.09 20.55 69.17 49.18 99.05 61.89 0.35 47.76 35.68 99.9 39.15 78.69 51.51 68.88 13.79 85.97 44.47 5.06 4.79 26.08 41.34 98.3 84.26 65.23 50.28 57.53 30.26 19.5 36.36 57.04 99.7 7.62 
79.47 61.84 2.57 80.9 60.26 13.53 57.84 92.34 33.81 95.28 27.18 68.09 93.15 84.26 16.52 48.15 94.95 42.93 7.26 70.67 18.44 97.0 29.38 84.13 55.16 96.87 16.44 85.22 81.97 62.14 89.35 96.86 52.67 63.95 99.81 20.11 54.54 9.09 27.11 16.78 15.34 51.11 62.86 5.36 13.69 69.09 36.7 81.63 40.88 22.42 33.26 7.95 85.95 11.3 25.82 49.91 67.51 47.05 5.05 77.9 15.36 63.59 12.79 92.26 13.21 82.17 0.26 75.62 49.43 74.94 17.59 23.56 87.35 60.1 7.44 55.76 58.52 0.82 19.2 63.71 3.05 73.71 82.17 8.17 29.57 18.37 76.59 40.0 43.87 79.22 19.02 81.12 0.37 2.93 35.48 68.93 63.27 60.66 29.91 37.4 
25.19 22.67 68.2 80.31 20.52 25.02 88.67 18.5 87.89 32.76 19.03 71.65 81.31 22.19 26.35 17.36 3.59 75.96 52.08 5.65 36.82 9.02 87.24 85.09 74.75 21.07 24.09 88.72 19.69 1.41 80.36 22.0 92.77 96.07 29.49 93.38 20.27 83.78 86.07 28.35 1.22 97.34 89.78 12.44 31.93 69.87 2.6 15.2 61.45 81.88 84.73 57.91 78.69 34.16 42.39 0.83 86.91 74.0 47.43 42.47 3.83 57.99 12.8 42.96 36.99 43.09 70.71 6.33 22.97 59.52 41.16 82.34 86.41 34.28 96.94 77.61 70.12 1.62 28.76 97.94 11.29 58.49 88.67 78.76 90.2 96.99 43.67 99.29 57.81 73.5 2.31 17.32 56.57 54.46 87.02 6.21 84.49 12.83 12.02 23.52 
17.14 35.72 92.72 91.4 94.16 43.88 56.32 22.98 97.42 16.63 45.11 86.3 96.57 62.13 4.35 57.06 14.19 72.15 24.52 75.55 67.74 52.91 64.37 88.99 78.24 29.18 15.45 30.49 96.9 77.52 81.55 58.6 89.64 56.31 37.08 57.03 37.29 65.19 97.4 73.5 54.17 84.67 80.93 58.39 1.58 17.64 68.12 49.62 74.34 79.11 65.43 37.96 68.11 57.81 64.03 39.06 93.54 3.69 42.11 92.77 88.82 79.47 97.55 8.05 96.83 50.72 13.31 72.98 15.04 79.24 51.75 52.95 96.91 27.49 46.01 7.64 82.03 77.79 6.91 67.25 58.77 19.82 91.65 22.29 18.33 61.75 87.33 97.27 41.49 76.53 46.65 98.64 70.95 3.05 75.54 49.74 60.81 84.03 13.53 51.84 
62.41 37.3 66.35 38.83 0.9 25.14 47.12 25.66 20.61 7.81 57.87 85.75 28.84 41.26 95.96 30.91 47.57 6.99 1.82 8.78 90.4 42.11 73.36 77.73 18.13 71.67 60.42 66.45 90.59 32.06 18.13 76.8 24.47 14.04 42.02 42.04 87.47 47.34 29.54 10.19 7.56 94.78 12.92 82.01 52.75 23.08 86.43 96.95 41.61 70.2 7.43 26.46 77.77 34.53 85.13 4.11 62.41 69.75 83.59 94.4 28.27 81.43 56.04 78.22 55.65 85.81 96.78 11.76 76.52 9.81 43.55 98.0 46.25 82.19 88.48 94.98 64.29 90.17 59.17 73.45 54.64 53.21 12.35 28.21 75.25 96.46 42.5 41.74 11.1 89.69 45.1 96.8 20.24 54.7 89.97 35.34 44.11 33.83 54.23 65.15 
63.95 55.61 35.94 22.81 83.73 29.35 20.02 11.74 46.51 50.27 96.06 47.52 46.08 98.69 33.92 59.19 78.59 72.96 7.65 14.81 89.87 3.84 20.77 62.36 13.38 60.43 26.7 2.93 60.99 72.44 56.92 42.21 24.08 61.53 66.51 98.17 66.29 95.9 81.73 78.53 40.42 56.56 87.56 79.5 42.41 30.93 24.52 99.15 22.57 30.36 73.38 3.22 10.78 61.47 94.31 28.85 76.23 68.32 52.27 62.96 34.78 2.29 4.74 85.52 37.14 69.37 49.59 25.41 20.03 51.24 31.14 36.79 78.65 95.26 80.41 67.12 23.94 21.51 22.39 54.7 20.93 0.07 17.16 62.94 65.38 10.76 14.48 31.63 45.22 9.28 92.3 1.23 50.61 88.57 18.29 45.03 41.64 42.37 20.53 26.51 
56.46 9.06 78.74 84.17 44.19 98.24 50.38 34.69 36.7 80.05 27.59 76.59 31.35 47.44 80.08 71.45 42.75 45.76 77.16 77.18 95.81 0.52 97.21 9.05 74.58 64.27 27.28 7.85 11.87 46.49 27.18 2.04 3.01 86.76 82.61 60.62 54.05 80.6 0.1 47.2 29.2 69.93 2.81 2.0 45.34 65.63 70.91 98.14 72.58 78.36 32.55 41.64 38.72 95.68 52.46 9.91 3.08 58.34 83.87 53.06 60.33 56.77 46.44 14.07 58.64 89.97 68.08 59.35 67.96 3.28 81.71 49.54 14.25 49.02 99.3 21.81 3.24 94.43 95.05 99.73 93.25 35.27 17.23 94.33 41.12 59.89 13.85 11.13 37.06 48.96 1.11 31.44 65.15 88.71 25.74 94.05 74.39 21.97 72.3 62.93 
22.05 60.64 44.7 30.62 55.82 35.35 7.72 72.93 34.09 64.12 8.58 40.64 44.85 79.98 11.36 46.31 72.79 69.91 67.73 80.5 81.42 41.77 16.24 70.31 22.56 54.58 49.55 75.75 58.95 18.21 13.93 4.29 87.58 93.07 8.61 12.55 80.8 97.94 34.01 55.53 20.64 64.32 97.23 38.46 87.29 59.77 20.75 23.9 77.35 39.17 16.28 47.98 69.28 73.03 79.14 3.27 24.3 44.81 30.88 53.17 9.22 5.76 87.72 52.76 54.56 24.62 60.8 64.78 15.85 72.4 0.31 75.36 89.25 37.82 80.4 34.32 43.36 77.61 84.0 67.2 68.42 67.94 87.74 32.33 11.29 37.91 65.66 25.05 60.08 34.29 27.76 63.42 65.89 87.79 84.18 25.12 40.53 25.52 79.23 43.3 
49.21 1.74 70.8 11.02 24.85 99.45 40.17 88.31 66.78 89.21 4.67 53.67 50.85 18.36 71.69 92.79 69.97 43.7 16.02 71.19 45.03 13.75 84.81 94.68 93.97 53.01 34.18 21.62 24.16 99.85 80.16 54.76 17.51 2.06 2.59 6.25 10.87 79.93 75.28 99.89 35.29 24.95 8.35 46.61 66.84 14.57 79.29 5.71 59.03 87.98 98.21 22.95 72.13 46.08 99.66 19.05 88.42 10.22 78.57 87.03 4.03 98.11 90.96 45.64 17.61 53.28 21.61 87.22 94.19 94.69 80.17 53.31 68.67 36.87 24.84 68.76 67.23 67.83 28.54 66.25 67.67 61.91 96.31 37.0 89.63 47.72 14.54 50.51 4.65 47.69 62.86 96.65 82.26 54.8 47.82 16.43 43.37 14.83 23.48 4.82 
75.08 37.74 48.95 88.01 71.87 70.62 95.24 0.76 7.61 26.56 54.53 15.01 9.88 78.42 23.94 0.23 3.55 94.97 32.69 27.82 14.15 17.7 56.8 67.36 73.21 51.06 18.54 60.76 47.52 66.44 99.37 1.9 22.13 0.5 4.4 94.02 3.03 62.47 4.09 4.73 69.55 51.49 44.68 89.7 98.81 25.44 62.57 9.56 5.06 55.36 59.96 22.39 84.99 45.98 99.01 93.68 37.2 2.23 50.24 29.59 28.44 73.79 86.93 5.64 12.21 15.69 52.03 32.38 66.57 61.24 36.53 72.83 6.77 15.73 99.03 1.8 46.04 44.11 24.97 76.72 22.95 43.96 71.24 71.25 87.43 66.2 66.65 8.74 39.17 70.46 42.17 20.35 41.97 79.3 46.11 44.74 95.4 26.12 59.01 80.58 
31.23 75.3 60.39 0.72 16.35 29.87 15.45 38.24 85.89 32.02 43.51 57.99 1.07 4.8 2.0 34.93 24.48 79.43 70.01 70.41 32.39 2.32 43.41 91.09 38.27 17.78 60.07 91.79 84.92 78.56 58.22 2.9 73.18 44.53 33.32 86.17 34.94 92.09 99.94 88.0 24.79 71.43 83.61 9.04 0.77 17.13 64.78 80.35 87.47 38.61 72.14 72.23 67.14 91.37 75.66 99.68 23.61 57.23 61.08 30.48 72.11 42.62 77.25 45.91 44.05 37.32 34.94 52.55 59.88 63.26 1.83 93.86 15.55 82.47 82.08 64.7 28.33 26.83 90.71 88.78 36.59 58.04 33.52 79.52 24.43 65.79 80.98 67.94 47.17 64.5 81.34 47.95 66.32 54.54 92.39 58.79 63.98 72.5 23.96 97.38 
95.48 67.0 74.1 28.97 56.69 1.4 10.51 43.72 87.44 2.76 96.0 88.7 6.48 47.85 81.63 90.4 74.63 0.96 94.55 70.8 12.87 96.05 28.92 52.04 59.9 86.09 7.65 38.81 39.75 66.34 20.32 65.86 24.15 14.84 58.56 98.58 16.74 83.8 63.65 78.59 56.58 18.05 73.44 13.75 36.8 73.44 5.62 21.79 61.23 57.04 42.4 50.46 16.21 13.64 88.59 13.57 18.11 38.39 58.73 1.69 7.8 4.51 12.29 49.43 2.6 56.26 96.17 66.64 83.6 32.82 72.77 70.3 91.51 56.5 8.93 85.61 27.79 40.0 75.92 20.5 9.49 41.62 64.21 55.58 6.05 25.09 47.73 33.64 94.07 60.76 42.07 77.05 2.29 39.08 88.62 9.25 83.06 53.82 62.25 7.53 
38.81 52.37 44.08 68.14 52.71 43.92 22.93 21.94 20.82 1.94 88.89 99.22 60.15 97.26 61.03 5.39 71.45 49.98 47.2 35.93 68.7 94.55 68.82 28.81 48.21 10.45 95.67 24.81 59.45 83.23 26.75 82.66 56.9 25.38 22.06 74.47 57.77 4.45 37.03 69.24 3.97 97.42 36.43 97.58 28.1 14.11 68.02 78.89 53.47 10.39 57.22 83.95 15.66 42.06 43.88 0.56 79.39 94.35 19.53 67.39 38.58 58.51 39.51 42.15 29.67 16.99 77.89 74.53 58.92 41.94 65.42 60.83 42.62 7.74 0.61 68.18 86.1 67.53 52.25 28.99 82.0 46.58 78.24 23.33 91.3 60.28 69.84 86.05 81.61 73.82 93.17 98.64 36.32 82.0 40.51 51.5 15.55 2.79 22.77 91.19 
45.37 46.3 31.39 99.7 34.97 41.89 73.3 87.6 73.45 80.66 35.42 21.7 37.57 57.77 66.83 49.16 49.61 79.82 76.05 24.51 60.66 36.15 28.52 94.12 98.81 19.51 95.11 43.23 13.88 22.04 46.35 64.79 70.84 24.79 8.82 66.46 92.64 45.98 0.8 92.48 29.69 12.02 41.62 0.24 38.18 67.83 86.57 98.19 82.12 48.75 72.6 21.12 35.37 94.88 73.66 91.8 48.67 0.44 54.33 93.58 64.25 55.9 80.08 57.84 5.94 58.45 88.76 52.22 46.22 37.73 53.48 40.53 53.3 68.12 70.1 74.24 51.07 15.99 83.88 66.17 82.88 1.38 29.32 92.42 55.74 36.77 94.9 65.63 56.15 42.81 40.06 24.1 70.8 30.64 85.61 84.9 15.64 83.38 70.81 16.51 
75.85 65.92 20.39 96.57 85.35 41.04 92.99 33.88 29.62 72.62 88.96 50.15 38.41 52.2 79.76 36.68 45.94 93.76 83.94 24.06 35.36 3.42 55.37 28.4 51.55 45.85 68.15 67.3 61.71 97.15 79.75 70.22 66.78 94.9 28.91 43.55 18.26 71.05 78.09 89.07 75.07 79.86 41.64 15.69 42.59 14.67 50.25 29.35 72.42 39.97 89.99 33.55 65.41 52.89 19.74 23.72 12.7 27.71 14.86 12.95 30.17 90.07 6.96 83.45 89.92 14.04 89.36 18.61 29.43 34.19 36.6 33.59 23.41 17.45 42.24 89.22 36.65 45.08 13.87 43.44 36.97 13.62 76.9 67.17 36.67 75.84 29.28 27.67 47.97 7.15 58.22 21.11 83.68 1.61 76.94 18.48 7.44 72.17 64.63 74.1 
39.97 54.87 95.9 34.26 57.17 93.36 27.5 75.32 74.1 11.39 69.44 94.96 94.78 64.07 5.26 78.07 21.91 95.89 42.04 59.82 62.9 23.14 64.41 12.2 39.07 1.71 38.85 87.65 3.32 37.14 64.83 63.62 98.37 43.5 97.26 45.09 42.21 59.58 71.41 98.94 10.64 87.1 45.55 13.29 97.49 23.73 39.57 98.05 72.52 25.83 88.24 68.42 24.16 50.85 46.71 82.57 69.69 97.13 82.97 36.26 38.89 80.21 66.88 53.04 89.19 59.01 18.64 46.46 89.6 52.78 11.1 72.75 19.17 70.09 29.56 36.65 61.28 5.08 80.38 61.08 39.66 42.68 5.51 82.02 33.88 54.91 3.84 84.28 32.91 62.82 82.24 50.52 33.45 85.54 59.19 56.57 66.77 96.53 22.41 9.27 
42.38 60.09 97.75 89.41 29.65 26.45 21.6 32.45 59.95 22.61 21.34 51.84 20.51 87.83 99.15 86.15 28.97 67.62 83.38 29.9 22.55 98.23 58.71 90.4 69.78 84.71 11.25 97.77 13.92 99.96 28.13 84.08 87.38 9.81 72.41 38.84 94.09 59.34 13.56 42.74 42.92 39.82 31.42 79.28 29.43 92.06 27.41 24.96 5.42 92.18 70.12 22.27 46.32 8.7 75.12 47.61 24.76 16.12 68.26 95.58 25.58 99.54 10.3 15.32 92.08 87.1 66.96 50.52 76.5 2.85 93.11 54.57 78.4 41.17 62.0 75.11 94.13 25.73 11.71 27.91 67.62 30.92 99.44 9.33 28.23 11.77 51.34 28.45 24.9 9.54 70.79 75.36 17.55 74.48 21.07 80.39 66.39 74.73 29.91 60.76 
67.79 40.81 72.72 95.49 21.35 29.06 78.97 17.35 76.9 73.81 71.91 61.4 2.69 38.49 95.72 63.84 36.08 68.55 5.91 61.77 26.9 95.51 99.37 4.95 60.15 40.55 38.07 53.86 49.45 18.8 77.32 5.0 25.75 50.7 43.62 53.87 6.62 45.82 19.91 78.89 20.8 36.0 86.57 5.47 79.79 0.1 35.67 88.24 33.88 40.06 22.53 31.83 23.27 39.85 44.16 55.66 36.96 62.66 37.11 96.62 21.51 19.46 68.67 35.09 39.96 72.44 54.84 24.35 66.98 20.64 76.19 1.0 20.81 51.85 78.19 55.41 74.44 34.78 36.76 44.37 59.29 68.59 41.54 36.25 72.82 3.15 99.52 88.35 28.43 92.5 89.93 70.04 40.69 46.64 7.74 61.59 21.76 2.24 17.21 78.24 
76.21 41.59 0.12 91.88 20.06 50.82 23.46 48.44 17.8 23.53 70.57 8.29 26.06 84.02 76.5 68.9 56.29 25.2 83.7 64.44 20.67 31.08 87.0 75.13 4.79 80.75 68.48 21.0 19.18 11.51 32.33 58.96 17.14 52.58 37.04 50.17 31.02 27.38 88.54 15.4 71.05 62.62 1.14 50.06 51.47 35.2 55.59 27.82 56.89 34.5 83.46 81.94 39.04 16.39 85.23 16.7 38.18 78.43 45.93 68.13 56.88 90.62 46.62 2.4 74.74 75.29 82.49 13.51 81.66 41.16 89.29 57.36 24.66 41.73 48.43 38.52 8.78 46.28 88.21 48.13 65.86 82.69 23.65 36.5 6.94 35.93 80.73 92.52 3.52 63.25 32.03 93.3 1.07 17.82 30.31 82.37 54.18 56.22 64.32 32.08 
86.7 41.97 76.53 47.33 22.72 47.26 76.63 71.09 4.67 98.05 56.4 59.93 13.05 4.08 61.88 7.46 29.43 64.38 6.6 7.47 38.64 41.46 16.55 64.71 49.49 53.05 81.43 80.99 23.87 38.59 49.82 67.11 43.71 19.97 46.29 56.87 12.26 90.47 7.54 28.53 81.68 34.3 31.43 71.22 22.49 0.07 8.15 68.83 1.93 26.13 55.63 12.72 18.36 42.69 12.95 95.64 46.35 56.79 54.81 84.12 83.59 59.35 77.85 14.44 54.41 80.71 75.09 7.79 17.55 60.79 59.0 54.74 45.65 93.17 15.22 75.79 92.93 48.66 69.47 25.39 43.96 82.93 28.1 69.89 41.25 85.66 9.27 36.8 22.23 33.92 16.12 1.75 57.47 71.15 15.96 53.02 70.78 45.27 80.14 48.79 
39.45 3.94 8.22 61.53 18.14 63.51 6.91 86.18 3.43 38.89 19.49 73.67 57.78 46.44 4.51 40.19 41.5 68.95 43.99 93.58 59.06 2.58 20.82 13.39 12.14 89.32 42.54 18.5 66.27 75.32 4.66 57.13 79.69 25.26 80.19 58.46 13.93 66.17 94.32 91.53 43.93 30.34 93.1 88.05 12.09 15.9 43.32 98.58 25.73 86.67 6.94 68.34 80.04 87.96 18.23 38.56 99.75 63.8 53.95 1.7 32.03 23.26 28.09 65.29 90.2 17.83 61.03 7.53 43.4 60.43 70.47 40.52 70.8 37.59 6.13 31.72 50.75 40.63 3.76 72.95 34.78 69.23 65.15 27.73 64.6 41.21 80.46 32.09 26.02 76.17 96.6 72.21 98.04 7.29 1.33 12.6 47.44 15.79 36.39 3.06 
39.99 75.28 75.1 49.3 87.42 39.69 99.91 92.76 26.45 7.71 93.52 8.29 30.53 49.01 13.73 94.91 88.31 83.28 56.48 4.64 43.37 61.58 24.14 26.88 79.35 11.5 7.06 21.97 51.7 72.49 54.82 76.42 12.67 65.81 61.15 34.34 49.73 14.66 10.92 45.18 59.38 54.54 41.53 55.79 7.76 51.14 51.77 66.89 87.88 73.73 51.08 68.01 68.92 55.76 79.57 63.36 47.25 10.99 44.92 1.47 51.41 63.74 16.17 25.83 23.33 94.52 86.26 70.42 96.82 98.9 65.43 34.92 20.98 6.44 95.73 87.09 30.9 9.17 83.2 56.81 51.04 4.6 28.9 5.64 27.6 66.94 2.33 78.66 25.48 21.96 41.82 71.05 92.49 16.03 84.93 71.13 89.28 37.71 29.31 73.45 
6.46 71.75 99.14 90.92 42.57 39.27 45.8 33.35 95.91 5.84 42.68 61.18 31.49 19.28 43.41 67.95 20.2 72.89 60.5 92.66 11.37 76.81 87.15 14.14 92.62 59.76 28.63 33.6 10.64 16.81 31.88 8.47 75.72 64.87 1.75 61.16 49.08 66.98 70.91 49.48 17.04 38.77 46.47 52.22 88.9 56.3 90.94 92.78 16.42 42.82 7.86 96.66 22.12 24.22 93.07 54.4 40.6 7.45 81.24 40.72 22.81 54.69 64.78 22.5 26.47 96.79 86.66 73.63 17.72 54.26 12.51 3.25 38.71 11.2 68.31 95.12 53.76 18.25 89.65 50.82 72.97 84.43 66.07 26.9 65.89 54.27 79.73 57.28 20.63 56.98 31.5 55.96 73.9 57.08 19.56 2.47 36.01 32.34 85.57 22.47 
61.7 54.11 72.05 89.49 72.24 47.67 40.32 90.32 17.41 65.57 83.59 15.97 76.62 15.8 31.77 63.13 38.07 48.53 85.57 56.75 61.65 19.79 36.36 33.55 27.19 18.87 24.97 58.13 92.61 67.12 68.1 78.89 38.87 70.44 33.74 69.22 57.76 34.84 78.84 40.8 46.92 35.42 71.64 60.8 12.27 62.44 8.71 52.08 42.44 55.15 2.52 6.94 11.66 74.12 59.28 98.3 88.53 55.45 88.54 29.94 76.05 37.02 86.42 27.3 85.48 45.67 12.3 33.83 50.97 87.09 35.33 44.39 25.05 85.53 61.55 76.92 56.0 79.2 64.9 56.08 37.36 88.98 36.3 58.79 37.01 43.22 33.7 50.35 58.83 59.1 63.01 22.04 63.22 52.63 44.9 26.31 74.8 73.34 25.74 94.22 
34.95 37.34 72.27 11.0 15.2 63.05 48.94 20.42 93.15 97.29 14.71 26.5 6.96 56.63 91.63 61.71 46.74 98.58 51.35 94.99 11.48 80.29 37.86 60.08 58.7 58.75 94.7 94.74 0.87 35.67 93.1 95.0 57.02 52.73 64.01 4.96 51.36 98.37 21.29 82.27 61.4 96.22 26.03 2.39 57.35 6.6 82.52 90.27 41.88 88.17 75.65 97.4 94.77 34.07 55.84 74.18 50.29 18.86 53.46 22.68 87.17 66.22 57.17 53.6 90.52 75.33 22.63 12.28 53.01 24.02 86.98 83.74 18.81 0.8 52.37 33.92 37.78 4.38 67.53 95.8 89.79 89.62 80.1 62.48 59.38 31.38 54.44 6.84 89.56 24.56 49.85 7.55 20.29 37.42 32.3 24.44 21.64 87.9 48.89 32.94 
65.11 18.46 29.24 96.76 36.91 3.08 90.0 30.97 86.88 32.52 9.98 83.14 23.45 88.48 11.65 39.61 10.77 35.43 32.39 45.83 97.5 30.12 93.28 15.09 8.65 73.2 77.12 88.14 61.24 4.6 8.03 98.15 23.0 74.97 85.19 89.41 18.73 9.35 60.1 36.65 3.79 15.74 63.23 12.2 65.8 81.44 79.08 52.43 86.66 43.02 41.2 82.11 95.0 11.85 68.47 65.4 66.18 86.61 92.3 65.62 81.66 86.68 30.71 12.7 42.38 95.48 49.84 96.28 41.93 12.11 15.85 25.85 44.39 71.03 80.95 24.7 79.02 4.52 66.37 53.66 59.46 90.92 1.64 92.75 58.46 52.65 55.1 44.01 21.02 42.38 43.3 57.29 78.52 83.25 38.82 22.17 34.22 9.4 5.1 13.87 
26.8 87.03 74.58 28.73 42.5 82.77 52.35 95.78 38.9 86.33 71.08 4.84 63.69 87.18 45.25 48.8 0.33 51.46 72.43 37.89 49.2 44.53 8.14 7.19 57.58 96.98 96.46 5.27 44.72 17.52 73.76 21.05 29.35 14.91 74.91 79.31 56.03 2.78 62.43 10.68 34.1 26.28 67.77 81.15 48.45 67.5 80.82 48.27 74.72 57.72 48.96 96.48 33.33 48.97 50.13 92.19 46.51 74.81 85.71 91.08 20.23 60.81 98.51 24.41 59.41 28.71 58.85 88.98 38.23 75.45 77.27 66.42 90.52 97.79 96.3 1.17 54.86 76.59 85.93 73.98 7.92 30.86 17.01 17.75 46.32 1.09 15.66 36.09 31.73 23.71 7.58 1.38 97.24 14.28 45.93 28.72 23.63 85.46 78.95 45.03 
33.81 87.84 54.22 98.41 20.58 76.53 75.29 81.69 18.47 74.48 23.45 76.47 53.99 24.77 32.39 59.19 60.01 98.39 56.9 48.85 20.25 51.36 7.87 17.92 17.26 5.82 35.54 32.31 93.62 63.25 30.44 34.2 0.2 44.76 77.25 32.16 97.52 93.64 40.45 17.46 96.75 67.89 83.01 81.98 75.32 97.24 19.01 73.92 78.93 78.02 79.62 90.69 26.42 31.9 28.05 74.67 66.79 60.09 93.73 47.51 98.95 83.22 8.32 91.19 53.69 68.88 17.08 59.92 54.8 13.94 7.95 86.03 21.49 66.6 47.54 25.26 48.2 44.5 38.52 71.64 98.97 29.44 15.87 61.28 83.81 96.64 81.12 75.16 42.27 67.3 32.84 46.02 45.26 56.53 89.52 72.24 40.67 25.82 16.55 42.31 
10.29 39.17 62.85 77.48 76.25 64.75 84.76 7.55 93.39 60.63 84.91 4.71 91.02 31.96 21.8 13.9 81.99 49.8 52.51 34.73 40.01 77.12 55.09 29.33 57.32 56.31 40.03 53.61 33.76 74.26 0.82 35.04 15.72 36.19 72.44 49.23 98.82 47.23 63.68 79.5 31.66 22.05 4.18 79.2 9.76 17.39 0.38 94.59 28.37 9.21 25.97 47.84 71.14 17.49 81.65 24.18 47.07 14.65 47.0 55.15 53.05 41.01 12.59 40.53 30.88 90.24 24.62 5.81 8.64 20.99 96.11 49.0 64.41 97.02 38.94 90.89 27.24 57.59 49.16 6.31 35.0 72.05 34.41 80.3 1.53 38.47 6.61 2.9 6.73 44.58 75.91 88.84 12.29 21.15 72.44 84.59 23.03 83.12 91.31 3.69 
59.27 71.43 3.16 14.17 79.18 80.08 98.05 86.33 91.68 77.11 33.02 98.12 30.39 5.56 35.82 86.65 16.76 81.12 75.97 28.85 26.81 87.02 52.66 32.31 90.04 3.09 64.01 18.04 91.14 96.44 16.76 81.01 15.79 43.7 6.75 21.25 80.24 51.53 51.25 48.85 11.07 90.77 81.94 79.31 96.33 62.76 14.11 52.35 12.03 71.3 91.7 26.86 39.23 82.77 70.73 27.36 25.92 18.69 44.29 43.44 15.27 39.82 31.03 12.39 57.28 49.11 46.11 47.47 44.17 61.9 48.77 9.62 61.92 66.22 13.72 58.57 29.7 23.2 5.03 61.12 7.15 38.55 40.66 78.58 85.37 69.49 23.28 3.53 41.75 18.35 78.86 66.68 30.84 4.16 88.28 88.72 4.22 96.4 19.28 9.03 
0.4 41.46 66.01 83.67 22.92 11.63 81.78 8.18 29.3 58.65 47.02 87.21 86.43 59.93 48.7 42.94 9.12 3.63 60.32 26.61 87.76 71.09 2.14 73.69 27.97 39.79 30.18 21.93 70.99 48.14 49.62 93.93 36.79 34.64 73.09 30.96 33.66 88.18 47.88 53.14 7.65 23.85 57.09 12.69 63.63 28.88 59.57 1.54 74.95 7.47 70.78 72.2 13.8 89.7 2.66 32.07 75.78 59.77 74.32 74.79 43.25 2.09 77.31 19.96 30.22 59.51 29.56 42.34 78.27 47.75 79.88 85.3 27.82 72.2 31.71 69.72 71.94 49.03 38.99 29.05 11.01 41.03 89.69 24.21 65.51 80.76 33.32 17.76 71.73 68.05 27.52 15.69 80.42 97.49 75.86 17.55 2.1 92.29 3.96 50.66 
94.19 95.44 74.5 2.61 65.22 96.52 72.69 7.86 78.88 53.08 3.64 88.64 77.14 99.08 30.3 98.41 5.51 19.81 46.6 66.7 15.92 12.72 24.29 98.41 43.12 46.47 93.6 37.71 98.98 76.8 18.51 66.77 5.8 77.22 5.08 73.18 94.47 94.74 38.06 86.32 26.25 46.66 75.15 52.39 57.98 33.1 41.17 90.99 59.6 51.41 54.88 51.5 10.42 64.24 90.14 66.94 45.59 90.34 20.21 84.93 98.11 58.93 18.68 40.56 83.1 92.53 94.32 24.52 1.15 60.64 17.92 91.29 95.11 77.14 59.1 46.69 81.03 98.24 88.37 52.06 87.95 14.25 15.61 83.08 83.55 18.66 30.0 85.22 33.15 80.99 78.18 75.09 38.0 46.1 67.87 47.0 25.47 31.83 12.03 57.65 
18.67 99.57 35.36 78.2 95.64 27.48 49.05 22.64 59.7 25.33 62.52 84.21 81.29 91.24 41.66 37.36 39.24 25.81 41.58 91.98 84.62 87.2 39.38 18.38 73.97 91.75 67.0 97.17 70.31 39.25 97.9 86.27 90.06 69.19 72.31 38.99 82.17 35.13 55.5 51.49 61.39 17.82 11.01 66.01 82.11 84.61 36.5 6.88 31.32 42.57 53.77 80.47 39.79 26.01 66.49 27.2 58.77 4.85 99.18 74.29 26.72 0.15 9.27 0.94 54.79 45.14 20.45 94.42 93.07 35.8 59.97 45.01 0.56 73.75 95.06 0.59 30.83 16.0 54.47 77.5 62.87 11.07 89.97 3.28 51.85 19.06 79.56 49.07 48.08 84.27 99.29 94.78 34.26 53.73 93.82 58.23 60.59 11.83 57.03 11.36 
15.7 32.39 93.92 0.95 56.76 32.75 71.89 89.16 37.01 51.58 86.08 30.03 10.47 61.91 56.54 2.1 64.82 73.92 47.48 24.55 31.13 78.37 48.65 94.27 46.54 30.65 87.39 94.86 0.27 78.12 45.83 45.03 76.34 88.76 42.78 73.4 17.77 47.99 1.8 29.53 75.54 52.13 68.18 66.89 73.6 42.38 56.12 62.54 16.0 90.49 4.5 70.13 86.21 69.39 94.63 38.62 40.02 15.59 36.71 66.89 73.52 18.04 62.97 6.36 55.19 48.64 75.01 68.25 47.58 83.15 80.38 39.65 7.83 48.15 19.3 63.82 48.89 69.69 26.03 93.89 63.43 92.27 91.73 86.17 61.3 82.96 95.26 60.01 47.61 34.87 47.14 13.86 73.74 36.53 47.82 54.2 26.22 79.43 96.01 63.54 
79.52 34.44 95.56 6.15 28.0 39.93 99.84 46.47 29.45 9.21 1.68 33.89 38.28 82.78 23.66 89.78 79.6 22.55 88.91 17.93 17.41 69.04 55.46 47.96 99.86 60.18 78.87 12.65 22.19 41.08 27.2 54.93 34.31 77.48 9.77 57.89 34.05 22.68 97.36 92.11 29.24 77.65 4.86 78.58 22.36 26.86 79.63 72.75 70.09 28.99 88.89 85.22 96.41 90.5 27.57 68.19 93.16 52.91 74.63 13.33 24.54 79.93 9.98 26.08 63.09 39.37 67.08 64.48 24.1 36.62 36.83 56.25 32.29 71.32 57.24 36.99 50.51 57.05 20.36 84.46 23.13 64.87 3.04 59.13 39.13 26.05 81.3 99.53 99.05 56.72 19.47 62.68 78.36 47.54 34.77 44.05 15.56 95.61 25.32 59.79 
17.53 42.05 15.86 24.34 67.12 19.35 18.65 11.0 38.04 4.92 29.44 39.78 70.99 24.07 78.44 97.31 41.37 44.54 34.11 57.06 53.93 57.39 14.54 34.21 32.33 44.57 94.96 79.75 32.96 92.07 13.19 90.54 1.21 19.5 64.98 88.43 5.97 61.88 50.49 0.12 33.22 57.41 79.86 51.97 93.43 66.22 70.98 78.91 98.87 69.42 75.92 35.16 97.0 75.25 53.61 85.83 3.65 89.6 65.98 53.28 66.21 91.99 12.42 89.79 0.68 94.76 32.88 48.78 89.17 53.32 4.14 31.21 94.68 38.2 25.45 90.62 48.28 76.16 39.99 90.56 91.01 16.39 66.77 21.68 7.04 80.84 23.98 2.1 67.99 12.97 9.26 4.44 18.95 47.93 64.88 75.5 76.31 89.06 96.67 40.56 
74.44 90.54 34.3 13.34 93.85 14.04 17.49 64.54 26.98 48.42 67.92 37.41 89.47 55.95 59.64 37.04 64.27 35.69 32.35 61.54 74.4 75.68 1.23 88.05 15.57 98.77 4.71 74.04 44.56 94.1 97.14 85.53 11.19 66.15 37.37 17.56 42.41 26.1 46.1 29.69 35.19 96.69 4.89 79.21 91.99 1.01 48.18 98.45 37.16 58.0 55.68 28.89 85.32 13.19 87.37 94.39 94.35 91.63 15.47 68.76 24.09 72.15 99.0 68.64 39.88 46.64 14.87 81.64 44.77 46.33 6.82 22.05 98.28 88.3 38.4 91.28 81.0 19.52 39.47 9.05 94.2 13.39 17.12 72.42 41.46 4.25 61.15 94.64 25.45 28.9 12.22 73.51 7.02 81.21 76.13 39.74 16.28 75.67 61.75 39.91 
75.44 58.8 92.08 15.56 91.99 3.68 87.88 50.61 7.33 72.02 51.78 72.08 40.78 30.61 86.81 6.21 51.75 64.82 68.08 11.25 54.03 40.19 48.7 31.14 55.08 25.03 21.86 40.24 60.83 2.25 79.85 78.0 81.51 66.03 7.73 5.05 97.92 20.86 24.41 46.84 98.91 74.27 37.31 29.99 80.97 42.24 7.84 57.41 8.32 66.86 34.72 13.36 68.3 79.28 49.44 37.11 20.82 28.28 84.2 54.71 32.94 34.01 16.21 12.67 10.12 20.37 14.51 14.08 84.14 24.89 15.25 18.34 94.46 84.83 29.93 28.68 4.35 50.49 47.06 58.55 26.39 82.18 22.62 37.24 92.59 46.15 66.88 87.95 93.8 36.56 26.1 87.63 30.3 15.36 26.48 96.56 60.82 80.34 94.57 27.95 
10.75 42.37 93.55 13.2 2.17 17.67 17.99 6.59 97.82 17.81 71.02 64.84 9.25 51.31 7.42 31.64 5.38 33.89 63.51 54.83 71.75 41.6 10.71 64.98 13.22 30.78 63.31 47.98 63.11 91.93 43.0 51.51 60.42 0.9 52.94 75.33 83.39 79.77 42.01 8.92 82.4 82.73 46.8 96.42 38.18 77.35 82.77 28.27 82.44 0.7 19.01 82.11 56.84 31.28 11.64 60.92 53.91 32.97 89.69 5.73 78.8 95.04 84.29 92.14 93.99 13.54 67.14 55.4 61.36 33.7 17.47 26.73 75.08 0.47 67.92 5.64 87.4 44.8 89.37 37.15 64.83 66.88 62.33 10.85 76.76 64.76 48.18 49.48 10.84 96.16 17.38 8.82 29.5 54.74 13.84 67.63 31.02 88.29 34.65 46.98 
54.82 85.22 82.57 61.15 75.62 8.77 5.2 69.4 64.02 63.39 68.97 67.06 51.99 36.76 28.88 27.34 31.03 72.57 45.59 81.18 28.01 94.23 70.24 1.32 49.05 17.67 64.51 39.1 55.36 62.58 48.31 47.49 36.81 95.91 70.94 12.5 78.37 18.52 82.65 6.38 72.96 36.99 43.39 70.94 19.81 45.72 42.63 36.67 62.09 81.71 20.34 84.69 59.31 4.04 72.64 62.11 60.93 93.34 98.06 68.89 45.7 62.73 90.0 44.3 18.26 20.72 9.44 94.49 9.07 29.54 78.34 19.35 6.89 57.38 18.48 16.28 63.7 32.13 23.24 61.22 51.54 65.75 90.37 93.53 17.8 33.55 62.83 59.67 80.77 60.55 21.71 3.52 31.18 88.4 50.2 25.71 56.74 70.61 40.9 73.35 
86.69 71.29 50.29 62.46 61.22 23.18 13.19 80.56 66.64 34.34 18.19 64.24 41.36 19.93 10.33 97.69 50.05 75.14 31.32 31.88 43.71 98.67 29.61 81.52 71.9 22.1 72.65 17.03 90.15 0.11 71.88 32.01 10.23 68.59 87.35 33.5 73.98 83.62 13.49 71.64 92.27 12.63 59.9 98.35 80.02 61.23 31.85 20.32 35.45 83.75 84.25 90.77 56.91 44.01 69.34 66.43 64.53 63.65 24.0 41.58 95.37 19.95 45.38 59.24 70.54 32.33 85.05 91.2 90.79 7.42 51.46 73.18 2.92 96.21 47.87 79.08 93.76 53.51 88.79 19.35 10.53 80.15 31.79 52.35 76.95 71.19 33.44 4.64 72.86 89.65 88.4 6.75 72.01 34.64 38.67 63.82 87.16 75.2 46.53 97.54 
54.8 76.67 9.23 15.05 2.72 55.19 55.83 83.43 82.7 57.58 7.49 14.21 18.26 79.15 1.49 91.37 12.28 99.45 75.91 8.35 83.36 37.94 87.16 15.02 51.04 5.07 85.97 13.7 70.07 52.44 8.36 84.98 21.64 5.63 48.02 68.73 5.64 97.51 63.81 73.39 42.11 6.33 42.0 37.43 82.38 42.83 76.69 21.1 50.68 24.03 53.67 63.43 85.76 17.09 23.34 0.02 28.54 36.11 26.25 0.19 6.6 27.51 91.48 48.8 99.33 84.58 62.13 67.74 28.55 91.0 15.33 44.47 8.54 4.75 34.4 11.34 6.72 58.73 59.87 98.12 11.66 72.5 93.14 62.37 78.6 40.87 51.43 87.52 24.35 89.21 75.99 27.04 73.17 62.88 77.01 64.35 13.26 48.71 57.92 53.02 
9.32 10.24 99.5 99.22 31.04 55.14 99.98 49.7 99.52 43.14 61.04 52.14 23.97 86.1 81.68 62.2 99.83 87.72 71.94 81.51 65.77 19.99 26.88 24.69 72.14 35.67 7.21 29.36 96.11 71.91 57.88 43.37 49.84 8.64 58.14 45.81 67.35 7.1 37.54 84.39 22.72 69.24 11.14 40.72 27.97 26.1 84.11 67.33 82.32 85.23 51.06 75.21 96.27 40.84 68.62 89.39 93.63 78.45 11.28 31.18 2.79 85.69 29.57 30.84 84.13 15.33 17.94 21.54 5.07 32.71 64.64 17.06 66.29 20.39 0.39 29.1 3.1 5.18 84.24 37.55 34.49 19.58 65.23 87.12 9.15 8.53 36.68 47.33 2.31 44.91 56.29 39.14 50.4 22.95 39.65 1.16 71.38 57.18 47.56 41.35 
7.89 26.58 77.82 95.77 47.58 68.32 41.66 94.98 20.33 43.7 51.34 20.87 45.82 70.08 70.87 22.02 6.27 36.79 85.02 43.88 49.25 0.63 23.04 21.76 83.15 86.87 32.88 79.12 14.02 5.77 39.76 71.4 86.76 30.96 37.89 16.69 35.58 76.34 58.9 58.3 19.61 51.11 31.65 11.49 17.46 68.55 98.88 57.07 81.71 33.92 83.86 57.66 8.7 38.74 6.94 89.09 62.29 44.75 36.13 99.01 0.8 49.33 18.55 27.58 96.05 85.83 80.18 50.72 0.27 27.62 0.46 36.02 12.26 32.29 64.92 32.65 17.77 83.89 74.4 52.78 30.46 65.37 42.44 39.76 39.96 20.69 43.9 59.94 81.12 46.88 87.38 0.03 74.84 89.76 71.31 99.04 54.82 4.03 49.78 95.17 
86.92 78.34 77.51 21.9 8.48 18.87 25.87 44.57 62.9 31.49 61.35 89.1 82.15 41.37 56.75 77.88 74.11 41.98 61.19 54.23 4.83 70.34 89.7 46.67 26.71 64.55 5.92 96.76 92.92 71.32 61.79 50.42 15.45 35.96 27.41 91.32 69.74 25.61 90.69 77.37 22.34 7.69 32.06 26.39 59.69 29.49 82.34 85.49 25.94 22.85 53.34 10.24 35.52 87.88 90.32 74.14 12.46 93.81 32.86 27.04 22.25 71.5 86.61 21.58 4.67 62.42 2.07 31.03 86.24 31.73 28.6 88.97 49.51 49.33 61.97 91.52 63.01 92.28 32.0 16.01 30.66 24.0 82.99 26.87 2.13 61.77 84.54 58.78 96.77 52.18 72.38 90.06 32.92 36.48 60.13 45.14 21.66 2.4 81.34 93.92 
79.37 87.24 18.28 48.0 37.32 18.14 49.19 88.87 77.7 49.8 98.56 1.92 5.78 87.35 6.81 30.99 75.33 62.63 44.83 13.48 20.91 65.86 86.63 3.41 14.46 21.41 19.06 40.64 56.06 36.48 11.4 78.88 29.1 44.34 89.46 41.68 98.7 10.26 59.15 36.38 8.75 67.32 2.64 18.99 37.9 1.74 26.34 69.66 7.52 13.3 74.76 8.07 95.88 34.56 36.73 50.62 1.98 4.79 61.12 87.34 19.4 59.42 68.14 35.5 26.48 13.7 89.32 8.81 72.23 90.7 94.24 26.57 39.22 67.8 65.4 75.36 94.56 93.63 63.88 27.45 97.75 57.66 88.04 14.74 20.47 78.44 64.99 54.71 47.4 13.49 30.33 25.85 69.4 83.34 45.5 93.89 51.05 45.89 74.08 97.59 
52.65 52.81 88.42 12.59 13.91 69.59 6.27 25.79 60.99 42.88 63.38 68.74 81.66 54.49 12.51 78.45 24.29 10.16 1.94 76.73 15.6 72.94 27.25 84.81 59.3 66.0 68.91 19.49 73.28 37.63 25.48 48.58 46.48 2.74 26.87 19.24 48.1 48.97 65.75 10.75 2.0 23.42 16.32 4.95 46.42 96.33 19.17 12.35 35.86 31.76 98.55 39.25 5.66 82.19 44.23 32.57 12.15 63.94 33.61 92.81 82.03 63.22 92.26 2.6 52.51 68.95 90.6 79.02 61.21 27.75 53.13 20.59 48.75 68.99 12.58 86.88 70.66 53.33 76.14 18.16 75.68 56.7 83.3 74.94 97.0 13.97 25.69 53.81 20.18 10.78 68.08 14.24 36.95 30.86 56.68 33.65 67.46 36.65 26.1 93.16 
35.47 85.89 19.25 84.73 10.59 63.88 16.31 21.98 89.46 42.05 27.7 31.6 74.3 56.83 44.31 0.1 20.62 39.85 53.34 51.23 69.07 20.4 22.37 33.85 45.99 63.97 26.04 6.79 16.46 7.29 39.92 17.65 99.68 99.09 54.26 85.82 11.84 58.61 66.82 16.6 84.23 19.37 98.29 92.84 15.35 34.31 36.51 13.18 55.26 80.32 56.45 72.17 87.26 15.16 81.52 6.13 67.79 7.57 49.15 61.1 8.69 83.01 18.38 74.28 37.82 1.39 10.37 98.85 53.68 10.71 4.47 43.34 97.67 1.31 21.48 41.81 3.66 18.63 13.74 18.32 48.58 79.86 47.11 60.34 20.31 79.17 3.91 69.82 39.11 59.64 57.87 17.52 17.88 76.14 72.13 86.69 22.8 72.73 49.6 55.36 
0.88 50.4 21.52 33.26 73.75 6.85 94.02 38.72 58.28 88.57 85.87 73.89 63.41 7.06 80.48 32.41 30.19 36.45 84.68 52.67 27.32 27.41 33.59 11.84 87.92 43.66 5.79 41.35 75.13 51.63 16.56 32.59 93.66 71.31 38.04 93.25 22.59 26.85 54.83 9.4 30.6 19.18 0.96 66.02 48.87 79.71 40.02 79.72 19.6 54.18 44.04 1.23 7.81 8.78 98.74 52.54 63.43 46.67 12.63 73.68 46.61 72.7 36.15 67.64 84.52 46.24 2.76 48.24 10.46 17.82 88.97 15.72 47.33 53.74 52.34 7.14 36.61 14.91 47.78 94.9 81.27 70.95 40.73 35.65 66.44 98.62 33.28 3.76 45.29 34.86 94.12 79.02 29.03 29.28 36.36 96.6 0.04 67.86 18.99 8.52 
74.67 20.82 56.69 51.04 78.66 0.72 10.81 59.51 61.97 4.15 99.64 23.56 72.31 49.93 10.31 29.44 26.98 20.11 16.25 93.15 71.24 56.01 4.61 48.68 87.85 61.04 96.03 18.74 27.66 14.41 95.45 62.02 63.54 5.26 47.43 60.57 31.28 55.8 81.7 83.75 10.2 13.44 25.57 40.94 13.49 57.14 28.63 14.26 3.54 81.14 92.21 44.83 21.41 90.41 20.98 30.99 20.89 66.59 17.56 85.7 27.58 40.47 22.17 91.6 1.35 37.81 58.77 86.8 66.43 48.79 87.03 12.41 87.64 8.35 74.85 53.57 13.6 64.63 0.15 9.75 78.04 55.6 62.8 37.29 48.96 10.39 37.18 17.31 42.05 41.01 24.7 15.57 69.49 92.64 71.38 17.33 78.26 76.2 0.5 39.92 
43.02 15.63 72.65 48.45 17.9 4.16 26.36 25.93 18.72 78.74 71.33 78.23 2.61 89.77 3.2 86.27 35.54 64.76 83.96 53.1 89.96 38.55 85.28 32.12 94.45 50.3 23.37 63.77 65.25 88.07 23.6 93.23 85.64 95.36 40.35 88.81 63.07 40.96 23.85 32.11 86.57 93.31 69.02 4.57 27.07 33.63 3.67 52.7 71.94 88.28 73.44 73.94 61.7 60.13 58.99 28.92 1.66 91.3 17.41 52.26 54.09 94.86 74.22 3.51 77.66 52.1 4.98 72.95 69.88 83.68 36.14 32.46 85.8 67.89 63.84 0.91 51.36 97.26 36.04 75.6 63.64 36.15 68.75 66.53 71.49 66.01 70.11 58.55 60.3 82.7 27.54 18.22 22.24 40.6 72.73 56.5 79.29 21.99 76.61 56.36 
40.95 47.27 42.4 75.28 20.33 30.97 58.52 36.5 2.98 32.12 45.19 30.01 61.35 43.47 78.68 54.78 34.35 13.34 5.29 46.67 46.37 96.49 63.56 53.4 22.83 85.78 17.68 37.24 70.63 85.21 67.64 9.11 30.92 46.77 42.43 23.46 78.66 8.22 1.35 92.44 39.41 37.46 65.59 9.85 16.59 9.73 77.26 10.81 74.86 18.79 36.26 31.29 4.45 50.31 96.82 73.21 99.57 26.23 14.82 25.54 19.78 62.92 24.92 39.38 67.66 72.36 91.87 6.11 8.19 75.69 24.5 41.49 75.58 91.62 62.79 35.89 62.26 8.25 48.44 91.02 60.75 46.14 67.64 26.84 34.56 73.17 11.15 8.96 26.73 36.92 31.12 16.35 75.84 39.24 86.9 42.03 98.5 89.54 62.47 95.3 
14.49 38.04 7.41 52.85 36.31 8.43 99.93 88.61 18.22 20.68 55.71 97.07 61.7 18.84 9.65 13.39 3.95 96.19 78.72 25.18 74.03 40.83 73.77 65.17 87.04 8.22 65.75 72.06 61.35 64.17 27.37 7.62 85.71 31.76 65.21 21.94 33.74 18.49 29.22 66.16 21.83 96.48 36.7 61.96 32.94 57.67 75.88 50.77 83.95 68.29 60.92 61.89 96.63 2.8 94.13 58.49 43.78 45.81 54.47 43.21 80.97 12.57 71.31 30.93 41.81 53.4 62.02 25.2 69.77 75.57 8.47 67.21 83.51 37.37 22.83 61.05 24.01 43.31 6.06 17.75 11.75 96.96 34.24 1.87 50.05 48.37 16.83 9.18 46.67 6.87 59.07 51.49 90.09 76.66 25.92 75.96 8.91 12.79 49.4 99.86 
63.51 87.95 42.59 98.93 67.37 6.78 83.94 48.11 12.42 3.9 13.76 76.2 77.24 13.92 41.15 62.99 30.08 7.63 93.7 76.9 99.64 47.07 55.62 23.66 75.64 23.99 29.94 53.01 18.62 11.26 29.72 48.71 3.71 74.75 50.09 9.83 96.68 64.4 97.91 16.33 62.32 27.72 59.23 60.25 34.81 65.91 65.98 15.45 37.8 84.07 82.78 13.51 28.0 69.94 72.47 90.85 49.95 72.92 14.52 73.58 32.32 44.87 44.49 69.93 26.21 47.28 54.56 47.71 84.52 25.59 45.3 84.36 8.25 0.69 47.06 90.43 40.18 30.36 35.79 24.09 69.45 48.43 52.36 33.48 21.48 98.79 97.3 87.01 46.92 42.64 13.42 77.04 90.53 32.6 87.79 11.85 16.4 15.42 1.23 42.59 
89.3 45.84 28.97 7.36 63.76 69.07 49.01 12.88 12.21 56.14 46.28 15.65 31.39 57.53 9.97 9.33 2.31 73.7 9.29 72.51 43.2 28.31 98.32 82.29 87.16 69.64 44.63 52.71 36.62 18.91 98.42 14.55 95.35 30.32 18.71 13.04 55.17 26.96 51.72 63.44 19.72 29.28 12.61 71.1 80.06 98.14 56.35 91.98 18.29 73.5 36.26 82.65 4.42 1.17 39.01 64.44 68.88 5.54 54.32 5.5 78.63 83.76 84.06 6.73 18.46 68.26 20.87 62.66 80.21 28.97 29.48 56.87 93.31 63.67 45.33 42.87 86.9 55.83 64.51 56.2 60.87 62.72 36.76 1.18 56.37 33.58 88.71 56.44 59.41 47.48 98.87 47.7 41.05 3.54 17.22 43.15 36.47 92.49 73.0 37.11 
91.75 27.78 41.98 0.99 62.15 16.82 51.25 97.18 28.32 8.78 83.7 71.04 8.18 63.59 7.22 58.87 81.14 49.19 94.29 75.74 8.85 88.47 16.35 76.07 31.79 45.77 94.58 11.7 44.84 63.89 63.44 47.91 6.45 36.75 57.06 35.82 15.84 30.57 59.31 81.32 0.59 46.68 68.39 95.19 93.12 53.01 14.08 57.0 38.4 97.99 31.49 76.0 67.99 60.58 39.29 86.47 95.49 83.26 91.94 71.99 37.19 80.85 76.02 73.25 38.49 17.52 98.48 97.77 91.19 96.78 71.45 15.89 59.85 14.54 32.35 97.41 96.43 84.49 50.92 15.94 11.51 56.41 65.26 23.66 87.62 13.17 58.01 78.61 65.99 50.44 30.74 88.29 10.9 13.76 59.61 19.05 58.25 92.61 18.65 8.79 
84.05 48.09 38.5 12.14 86.97 81.54 27.57 1.96 64.76 35.16 20.59 48.66 78.77 52.43 34.93 99.71 42.87 16.1 9.08 85.84 43.72 24.72 69.56 87.45 97.63 64.48 22.79 4.98 75.97 82.99 96.4 90.52 86.13 73.64 61.07 14.23 77.58 34.91 48.32 58.99 53.71 77.73 42.33 59.28 9.57 15.68 64.52 26.25 82.47 87.96 88.61 29.95 98.21 32.83 20.59 41.77 18.94 50.8 53.5 75.48 50.49 70.71 59.75 3.47 46.82 59.77 15.42 66.53 56.94 98.74 60.13 39.96 95.92 77.45 83.89 66.59 85.61 52.55 97.96 18.21 3.15 49.28 90.71 0.93 95.46 82.19 91.2 76.96 66.81 15.94 63.6 35.82 22.92 86.5 33.6 11.15 59.98 55.78 4.31 5.86 
19.92 77.84 53.8 58.02 94.11 14.1 18.68 52.58 47.08 46.24 59.35 60.01 48.89 0.78 70.81 61.8 50.43 17.23 50.38 5.0 9.26 62.98 58.59 13.11 75.33 22.34 12.57 69.27 75.8 64.6 32.94 78.86 95.93 26.6 24.39 13.48 39.21 28.96 7.91 36.0 63.85 81.9 38.24 7.16 35.26 26.55 34.05 78.35 4.46 0.74 20.28 82.09 20.85 14.39 32.15 42.36 14.43 69.08 58.69 39.86 37.56 58.56 9.76 84.17 38.85 42.81 75.26 64.16 53.34 96.77 7.68 70.88 31.65 96.73 99.85 13.01 98.73 22.34 48.7 73.93 27.73 20.24 92.69 91.55 38.3 96.44 85.84 77.51 80.3 79.01 24.2 30.47 43.5 20.1 72.42 39.81 42.0 86.56 47.04 20.84 
57.94 22.73 1.14 70.07 93.3 55.04 20.34 80.35 71.02 48.71 84.47 9.27 46.67 19.32 70.58 51.71 41.02 48.71 73.66 27.45 80.02 53.51 99.24 58.29 33.61 7.46 38.57 75.41 78.05 24.02 71.64 67.64 66.8 64.42 55.58 53.76 84.86 48.39 47.06 38.06 78.34 9.28 75.95 87.22 96.42 53.97 34.57 48.84 56.72 58.58 71.77 17.07 46.42 55.58 84.67 39.34 1.47 45.46 81.82 49.5 63.99 96.32 51.27 7.46 4.15 78.85 4.63 23.04 6.84 20.65 83.81 42.83 65.8 53.97 10.97 82.59 98.3 73.94 34.44 95.07 91.92 20.64 73.02 73.27 21.74 47.51 89.81 2.61 31.0 41.18 32.55 91.83 51.04 13.43 62.41 32.37 47.73 94.36 55.32 58.41 
20.39 18.15 1.08 5.76 46.66 7.21 43.95 96.85 62.19 29.09 5.64 11.26 87.55 21.24 6.65 36.05 66.35 53.4 55.15 29.24 58.37 24.7 3.84 70.59 39.62 72.94 84.85 19.03 96.82 7.63 20.23 43.35 68.48 64.7 71.34 44.05 76.65 21.16 34.33 38.03 14.02 0.73 10.8 34.97 99.55 47.88 82.88 94.49 92.38 46.83 0.15 16.66 58.75 14.81 42.31 84.78 19.28 3.97 55.7 49.1 65.35 5.64 74.64 12.81 22.12 61.76 29.23 57.67 53.34 53.93 9.9 25.39 48.2 57.99 6.24 53.3 4.34 23.76 62.57 47.79 22.49 63.42 95.99 67.77 58.14 9.74 4.04 81.42 33.64 35.98 48.34 54.62 99.93 12.66 38.63 26.76 51.52 13.52 56.89 30.98 
40.39 72.8 55.22 19.29 5.04 39.12 33.43 60.86 29.5 67.22 51.81 91.36 73.51 38.41 63.3 5.09 70.21 2.9 55.39 97.88 70.33 92.63 76.47 88.47 22.95 62.2 84.24 68.77 22.31 76.94 94.13 59.44 16.91 82.47 24.96 75.93 73.22 57.9 35.55 42.65 9.23 76.19 21.59 27.78 65.13 69.31 94.93 9.91 58.09 23.56 98.95 29.15 75.93 10.62 23.12 19.76 0.62 94.0 67.54 69.48 16.68 36.96 73.77 1.23 51.76 78.25 82.31 27.15 17.23 34.93 98.95 81.98 65.02 37.69 52.4 2.88 53.64 3.46 3.7 86.47 21.2 2.63 24.35 20.11 95.94 83.56 94.61 54.23 36.05 75.99 85.85 55.17 79.65 6.47 81.84 53.92 2.87 24.29 62.35 85.21 
29.78 54.02 19.68 93.37 11.12 62.31 3.87 66.78 90.57 50.63 95.16 51.11 7.06 63.32 84.21 82.85 39.66 30.79 99.59 79.66 87.31 51.27 59.78 21.28 90.2 51.51 42.84 56.16 41.55 56.82 60.42 72.59 9.28 43.52 95.01 80.47 85.18 43.67 9.4 59.9 6.38 20.62 65.33 46.41 48.1 36.92 94.95 38.93 70.2 91.24 53.04 36.29 10.5 10.07 40.41 30.97 57.47 41.32 30.0 14.29 1.82 12.34 45.5 76.75 62.25 82.65 39.87 18.97 3.78 42.86 95.79 24.0 19.2 85.88 23.47 80.41 23.5 3.47 62.71 86.66 19.37 42.29 5.25 12.24 27.81 86.76 41.42 38.63 41.97 23.44 0.55 54.04 54.72 80.9 98.62 29.94 30.78 32.88 28.43 64.5 
42.99 97.98 27.85 38.24 68.48 69.07 39.83 90.7 45.97 57.54 34.23 93.42 27.64 43.58 95.87 63.89 20.6 81.78 96.17 38.42 1.78 23.8 55.94 97.17 7.6 84.25 76.19 13.97 44.98 94.27 60.54 85.56 43.96 58.58 78.05 80.17 73.7 55.69 18.4 33.63 73.62 98.9 72.68 12.89 9.12 5.9 32.85 61.31 47.46 8.62 39.9 37.82 63.7 71.86 27.13 63.15 28.5 79.1 98.4 89.99 0.4 86.8 53.28 21.4 43.48 45.09 21.17 11.81 18.05 31.66 94.64 98.43 46.72 48.27 58.63 27.41 41.4 85.03 96.52 58.68 87.26 65.81 16.8 56.14 19.47 50.67 84.81 95.78 95.39 85.37 62.61 53.29 60.47 56.74 57.43 64.96 29.55 33.38 53.85 90.67 
57.11 45.91 58.3 46.4 49.55 88.05 15.84 15.17 80.62 0.55 68.51 89.68 7.25 33.89 12.17 48.09 46.96 71.95 74.68 14.9 70.55 39.36 81.72 13.1 83.95 7.97 99.02 70.78 21.91 64.15 39.32 5.77 52.6 98.02 1.1 75.08 97.2 27.99 62.19 42.59 1.3 79.74 85.83 87.91 56.09 97.38 9.54 52.27 56.37 76.25 77.69 93.02 99.85 71.99 47.56 97.31 77.4 58.35 45.78 87.86 77.66 77.46 76.95 38.69 30.98 50.77 89.53 7.38 47.4 96.01 85.52 81.54 61.36 26.4 19.82 32.28 81.95 91.72 72.8 64.75 61.4 57.98 95.31 56.99 37.08 12.06 19.22 82.35 72.57 21.09 98.67 17.65 21.8 72.18 96.93 49.62 67.23 67.74 62.59 5.73 
37.32 53.82 44.56 51.65 92.0 14.68 80.19 17.48 75.55 75.32 53.32 37.57 75.44 15.57 59.75 14.64 93.26 14.41 36.52 47.9 28.86 11.02 8.38 96.89 2.8 90.44 79.85 88.34 93.48 75.94 54.53 11.3 45.41 37.71 94.76 87.61 12.69 7.98 44.0 49.31 38.23 26.44 22.1 2.29 32.8 26.5 69.26 6.48 10.96 13.18 58.28 56.68 60.79 76.03 16.85 5.56 73.15 27.15 1.38 30.33 32.73 53.39 42.65 8.09 78.19 24.23 39.22 31.4 71.1 2.74 9.68 65.14 75.04 65.23 26.87 18.55 34.84 47.48 48.34 82.33 63.61 0.05 25.81 59.29 90.41 53.35 23.74 99.78 94.95 64.45 1.88 37.75 57.54 41.72 19.98 12.15 82.09 20.97 4.5 49.66 
8.02 97.32 76.01 79.31 12.78 0.67 74.26 47.56 21.22 39.46 33.02 2.98 79.84 27.41 51.18 23.95 24.73 50.93 77.98 69.72 70.47 31.17 80.99 45.49 73.7 83.76 93.11 85.69 80.26 82.21 41.56 75.89 47.31 85.86 46.17 53.54 43.07 2.57 36.87 50.64 66.06 17.79 81.13 66.86 92.75 36.62 30.69 91.29 58.21 53.79 94.22 22.5 97.71 87.31 17.33 72.22 28.95 86.15 4.9 76.27 34.36 49.7 51.62 77.78 10.86 77.08 56.68 92.35 90.44 98.51 85.46 12.8 99.15 27.3 7.49 61.71 14.29 11.25 83.2 54.14 0.16 55.35 94.37 90.11 50.98 33.52 13.08 56.4 46.66 6.92 82.22 80.97 31.41 18.34 37.02 49.51 58.51 38.18 31.46 63.43 
5.36 95.83 46.04 91.23 52.1 42.37 44.24 41.21 34.52 55.24 13.51 62.32 27.18 13.77 74.11 62.33 86.44 45.59 63.61 17.34 84.52 68.1 8.77 35.5 95.6 26.94 77.14 29.0 53.01 63.65 60.81 43.11 82.34 28.61 82.02 88.87 29.59 92.1 26.04 26.67 45.94 96.18 0.77 52.42 60.63 33.34 94.35 44.63 72.7 33.88 52.14 41.22 18.23 93.34 22.76 28.41 25.1 73.93 29.21 40.19 49.95 69.14 5.41 86.73 2.96 29.61 1.31 52.89 5.53 10.31 0.35 33.67 92.83 13.51 11.82 2.59 69.07 70.79 97.8 41.05 46.36 27.81 69.32 92.12 50.19 70.45 39.7 40.25 53.87 58.08 54.28 60.38 12.67 10.3 25.34 24.04 3.99 27.3 88.49 98.29 
44.23 10.71 62.68 23.75 45.56 91.75 39.59 12.31 95.66 66.64 50.4 62.19 92.59 85.35 57.92 48.08 43.19 39.05 0.17 7.69 38.48 44.19 68.03 12.44 52.29 26.62 34.06 79.65 70.39 67.77 61.91 56.41 46.64 86.99 16.84 81.01 99.87 98.71 66.47 7.2 10.65 1.58 7.89 58.03 50.69 27.49 82.42 62.11 79.13 3.15 42.52 12.72 69.96 53.89 16.66 82.18 92.55 10.29 77.44 18.43 53.44 61.75 55.81 48.43 21.51 37.87 60.19 13.86 1.23 88.72 52.72 68.78 88.79 77.75 7.27 75.88 44.66 97.68 23.61 48.23 42.66 68.75 0.67 96.77 10.54 81.28 77.8 60.54 59.82 0.05 37.74 15.89 13.76 56.54 27.49 83.98 81.58 17.27 93.91 81.57 
94.14 30.87 49.8 89.27 11.78 25.19 83.32 43.33 38.76 46.34 98.31 92.51 29.91 6.42 26.88 99.92 55.56 33.72 86.35 10.95 97.99 0.02 62.64 53.61 89.39 33.04 89.4 84.59 64.79 9.33 58.22 46.04 96.44 62.2 38.78 51.39 95.73 33.08 10.1 76.07 18.08 40.31 3.9 89.12 82.17 38.92 39.42 25.02 20.2 97.5 85.39 61.61 8.49 23.55 19.21 39.66 88.87 27.67 66.29 32.29 80.46 28.57 92.69 48.38 98.63 65.93 93.71 33.09 43.57 6.16 67.47 10.88 94.14 97.33 88.02 1.33 44.59 53.8 95.43 26.87 51.36 28.59 2.03 22.7 15.12 62.11 72.96 54.0 9.3 79.36 77.32 43.13 80.48 44.96 21.43 10.6 88.21 74.71 69.99 37.41 
22.51 46.05 32.57 63.51 35.38 45.53 43.14 47.57 49.85 40.97 88.59 26.37 64.45 68.37 48.33 28.78 54.1 79.06 91.8 18.89 79.4 1.53 43.22 65.68 55.49 34.02 63.4 62.3 98.96 98.83 17.78 47.21 66.48 57.6 96.33 11.58 22.79 7.86 26.26 12.47 26.87 55.33 71.93 49.7 5.21 84.32 47.13 5.96 88.95 28.57 75.06 94.29 27.56 79.06 18.37 4.62 56.12 51.92 67.61 92.26 85.26 79.41 20.35 4.96 3.56 80.25 4.98 2.51 30.46 11.61 3.47 82.88 34.49 4.35 5.53 92.44 36.5 35.79 82.96 64.29 50.42 99.43 7.51 98.31 74.95 90.25 47.99 69.24 39.1 35.57 73.43 25.16 21.43 66.67 57.46 17.56 8.45 44.36 26.57 86.42 
31.15 22.85 19.62 8.9 20.17 60.67 29.33 8.76 50.18 64.66 77.92 14.96 1.5 83.9 38.32 52.56 53.56 53.81 50.22 46.96 38.55 27.73 95.8 23.22 26.05 23.13 93.75 86.1 79.88 52.55 42.43 74.03 26.82 5.92 92.92 89.93 3.7 99.68 60.86 25.61 3.86 11.13 92.54 12.64 27.28 71.58 85.12 52.6 49.25 0.82 23.28 1.93 62.07 27.11 35.51 12.86 11.24 51.82 92.11 60.63 43.06 86.09 63.72 19.59 4.28 7.9 34.62 85.72 85.84 62.17 17.97 81.79 82.76 54.39 51.66 22.72 49.95 68.22 62.97 63.34 69.85 71.73 77.55 98.48 12.02 63.45 14.44 36.35 57.01 49.53 52.08 19.99 77.13 36.21 72.9 28.8 15.64 68.06 93.57 52.35 
82.05 41.87 66.62 92.2 86.5 78.39 95.35 13.66 68.72 39.62 38.37 39.48 38.2 38.27 92.79 49.73 31.65 97.62 35.8 28.5 10.55 85.03 73.19 76.54 67.6 60.45 90.25 91.66 83.98 52.37 25.89 3.34 81.18 98.07 93.62 36.97 40.94 62.5 54.73 74.21 24.74 80.41 8.26 70.85 10.25 50.49 0.16 91.08 76.31 46.74 69.45 18.27 10.57 2.26 43.38 6.0 83.78 64.03 65.39 40.46 33.87 12.95 89.62 95.62 29.15 93.24 4.4 75.59 34.96 97.3 52.88 55.72 91.1 7.96 4.04 52.88 18.07 8.72 89.43 78.76 9.67 34.26 62.04 55.5 36.61 48.6 52.36 2.18 81.24 6.16 93.74 32.64 46.94 72.55 64.29 40.59 37.64 55.58 45.7 86.12 
82.32 25.25 30.71 39.44 87.71 81.19 20.54 82.0 37.98 60.49 41.08 13.36 24.86 65.06 72.39 62.5 83.35 28.03 29.97 56.82 29.22 31.44 58.05 58.7 42.44 34.01 95.59 40.17 17.81 66.67 53.43 29.32 8.47 6.45 97.87 28.77 21.26 44.45 70.08 76.03 83.58 22.57 83.42 88.38 90.7 25.54 31.65 10.76 59.92 79.43 9.59 64.35 63.11 26.17 94.94 75.14 82.83 14.75 64.99 47.81 38.93 74.02 25.32 37.8 62.31 9.35 8.58 66.59 50.2 96.31 61.41 19.62 23.81 27.9 74.74 63.74 22.88 8.74 28.6 22.58 14.25 79.75 16.52 51.64 61.88 99.68 86.32 62.35 4.31 6.25 84.38 54.56 12.15 28.7 18.74 30.21 53.08 26.44 62.53 77.52 
74.61 83.49 3.76 34.62 26.04 97.59 10.41 64.34 80.16 64.4 19.88 97.74 82.33 72.23 81.33 32.85 50.49 90.75 75.97 7.5 72.43 58.47 15.66 0.05 99.13 47.93 73.44 50.4 12.15 15.04 30.76 35.18 51.21 19.63 35.82 75.52 24.13 37.86 55.04 3.58 85.52 74.11 65.27 65.17 62.59 19.67 78.26 89.18 27.37 98.87 11.0 12.51 62.61 89.39 15.42 8.57 45.75 2.67 59.29 31.54 79.82 62.96 6.56 54.54 33.25 29.18 79.76 49.86 11.48 62.06 99.61 31.91 72.41 51.36 87.91 59.59 15.17 82.59 88.58 73.66 16.86 40.66 8.39 26.89 65.77 19.46 4.53 50.1 40.81 30.21 49.02 85.32 17.14 79.26 81.31 9.13 35.5 16.24 20.23 63.63 
59.12 37.57 43.54 10.33 55.92 66.66 59.6 23.21 86.24 22.5 89.01 40.92 46.61 31.16 46.44 5.71 18.82 31.03 62.8 26.33 99.73 71.81 16.03 16.1 42.74 9.94 45.39 73.39 24.13 58.41 8.34 91.68 58.76 57.87 1.91 8.98 28.95 97.64 11.01 32.33 57.35 30.11 65.05 2.02 50.08 90.23 81.35 92.46 60.27 52.89 48.58 81.71 73.19 35.25 57.09 60.07 94.67 78.72 14.02 89.92 31.72 25.63 90.7 73.14 90.85 39.42 37.52 30.62 83.42 4.13 66.94 49.04 19.71 78.54 49.39 4.16 93.94 73.86 88.64 27.0 10.8 69.7 43.4 39.45 80.9 82.44 40.12 49.38 17.14 52.69 78.19 61.77 97.14 24.02 63.4 31.82 17.69 43.7 18.03 59.2 
56.47 28.28 6.62 97.88 73.53 1.55 85.28 35.56 30.5 30.53 29.71 78.45 78.81 56.48 21.61 62.62 70.22 42.03 76.93 1.37 72.42 33.09 80.51 69.72 30.55 64.76 51.03 21.63 1.44 24.12 98.13 33.39 1.62 19.65 48.88 67.5 52.33 96.78 14.9 55.15 75.22 82.56 43.34 3.09 91.0 38.07 44.99 40.13 99.91 47.01 20.99 32.66 77.61 70.99 16.08 14.59 3.27 57.9 10.67 96.96 47.2 98.07 26.62 45.11 85.0 85.28 62.51 37.28 72.24 53.94 92.76 47.44 9.07 32.45 62.17 27.31 47.93 73.61 82.39 97.78 48.75 97.28 90.16 98.33 66.46 8.07 58.41 84.49 62.8 31.22 60.9 8.14 71.12 43.82 78.55 63.05 6.53 64.85 1.4 29.07 
6.33 8.05 24.05 2.25 6.03 94.23 54.21 55.47 4.56 66.0 54.36 34.31 49.31 47.28 14.47 56.12 76.19 42.25 10.23 47.14 72.7 74.11 35.8 21.82 93.42 22.54 12.37 81.25 46.08 30.71 64.9 83.76 83.95 17.68 28.05 19.49 85.49 49.84 89.37 2.85 75.87 96.41 2.79 82.41 46.61 18.56 8.86 55.53 59.34 18.53 79.44 67.14 77.56 6.37 63.97 66.38 56.45 25.23 52.05 92.57 34.7 13.01 82.98 63.01 15.0 68.15 26.49 38.99 89.72 30.4 30.93 53.54 67.38 83.72 85.49 94.78 81.76 37.42 70.94 52.01 20.51 44.61 79.96 48.22 92.94 72.06 72.5 2.33 67.79 44.76 94.18 87.29 50.8 49.82 26.57 75.88 39.27 99.73 56.93 95.27 
86.3 22.65 52.06 43.34 30.76 68.97 95.88 55.14 0.76 97.44 3.73 46.15 78.26 31.66 57.58 0.61 20.3 58.4 16.01 17.77 68.33 72.76 40.15 76.6 41.33 62.18 42.73 30.47 0.76 60.93 11.13 97.29 95.57 0.23 77.32 67.72 44.35 24.91 7.6 14.3 88.08 47.15 63.44 47.76 51.87 60.06 40.9 33.23 86.96 39.55 30.65 48.73 25.27 21.67 53.25 41.17 68.0 54.23 14.99 10.64 47.0 86.66 98.48 33.27 43.05 80.05 49.18 14.65 18.75 90.39 44.1 51.15 25.43 2.58 32.19 65.12 73.19 70.07 17.14 71.04 11.02 45.52 13.05 24.64 50.23 71.64 40.78 4.64 78.42 38.28 48.52 77.6 53.36 1.49 34.29 0.49 36.91 3.66 19.48 22.59 
27.38 29.87 73.34 58.74 75.41 84.87 15.8 19.08 23.43 77.61 33.08 97.3 91.31 55.96 24.42 38.7 42.35 42.57 61.22 32.21 2.36 84.95 80.46 96.63 72.34 47.83 53.24 60.01 70.39 43.55 66.0 63.35 62.06 17.92 27.34 55.27 90.22 82.86 66.51 82.23 94.98 14.92 20.92 20.87 22.34 19.06 19.47 43.3 56.26 91.03 56.32 54.11 72.87 98.24 15.11 88.7 7.94 39.22 47.76 16.53 49.24 34.54 33.9 50.03 13.56 48.62 46.87 20.18 45.34 40.73 30.76 43.09 78.25 96.35 49.12 68.46 34.24 95.36 0.45 70.46 95.26 32.27 8.28 14.22 72.52 15.62 84.21 7.15 14.94 38.48 31.35 23.13 44.2 30.11 2.27 69.89 77.19 70.12 51.07 55.13 
98.22 70.54 21.93 95.24 73.48 9.04 98.33 1.96 57.69 26.6 96.14 77.19 29.3 87.16 21.81 43.52 4.59 33.15 32.23 39.35 23.2 60.99 27.02 11.07 68.38 83.75 75.61 42.3 83.32 44.02 32.03 70.08 72.0 89.86 18.1 51.49 27.51 28.64 62.25 60.71 13.85 29.61 65.88 15.94 38.09 54.21 31.32 58.68 89.23 55.55 26.56 33.33 87.04 2.89 80.62 44.56 79.74 55.3 0.32 1.64 52.99 29.94 74.5 94.28 64.15 84.34 84.79 83.04 95.68 60.06 73.51 28.75 29.34 15.08 28.55 30.0 79.14 6.47 33.01 85.56 84.69 71.33 92.8 49.48 59.49 94.27 99.27 0.59 8.54 42.31 6.25 5.21 78.48 94.9 0.43 12.35 80.23 95.37 22.75 83.63 
28.56 3.18 54.54 27.16 76.16 31.51 16.57 73.89 80.85 13.57 42.04 7.79 33.46 52.87 75.0 37.22 91.65 77.45 14.7 73.64 9.74 36.39 73.17 66.12 28.83 47.88 38.67 25.29 92.51 32.6 40.67 58.73 83.83 43.56 93.47 31.32 36.63 33.95 54.93 58.79 60.57 88.68 74.59 40.25 33.53 81.52 20.94 36.59 56.97 10.19 71.64 5.53 40.5 4.53 22.27 11.22 80.45 99.2 19.56 36.52 23.69 11.59 52.95 39.66 63.07 68.17 44.97 13.19 93.31 77.93 65.16 22.97 67.66 60.44 55.06 27.65 34.52 97.68 92.35 4.99 0.6 93.87 41.2 40.2 62.56 95.49 32.69 64.02 72.66 45.09 94.59 62.91 55.63 16.39 2.48 22.79 73.58 6.13 56.18 8.6 
44.0 38.26 94.37 27.14 51.56 69.98 48.17 68.05 58.9 75.94 0.19 68.78 13.69 26.75 59.24 3.45 69.72 71.11 83.0 52.57 88.3 77.07 80.98 70.84 62.97 87.12 8.34 33.66 15.18 94.41 17.55 9.53 41.62 52.91 69.23 74.92 54.85 92.88 16.08 61.38 48.18 25.14 64.87 99.98 32.71 82.2 89.78 7.76 40.27 62.69 17.71 42.4 59.22 16.51 31.35 37.18 71.88 32.61 38.6 16.18 92.06 68.57 38.74 81.41 59.18 91.83 74.96 58.23 31.34 86.13 0.53 82.99 34.11 13.48 1.57 17.93 63.76 11.9 13.33 82.07 14.43 52.29 38.79 94.41 96.92 74.02 28.36 35.4 43.72 67.97 8.08 46.75 49.58 78.47 49.48 5.4 79.73 50.81 59.4 27.67 
89.1 60.1 29.97 82.2 34.84 18.61 30.4 15.9 31.91 74.06 40.33 26.58 96.82 79.15 22.14 47.78 48.08 33.99 4.29 46.55 83.74 77.19 1.04 73.47 36.07 28.98 25.47 45.65 11.29 70.34 61.91 88.0 58.56 75.56 51.69 5.81 76.13 2.76 11.74 12.81 55.46 86.66 49.45 92.49 83.83 70.96 59.14 27.91 75.13 64.02 85.7 95.29 74.78 0.72 19.02 80.23 89.66 45.74 39.25 41.64 26.78 79.42 67.48 18.46 85.54 65.57 88.93 46.63 37.58 12.79 6.45 29.87 45.34 5.67 51.04 86.84 16.14 0.26 23.1 79.29 61.82 49.42 63.06 10.99 35.95 48.11 53.52 75.95 50.13 65.86 36.05 25.4 28.97 64.46 85.65 18.27 49.36 82.52 23.04 17.05 
23.73 5.31 61.13 92.21 29.35 28.27 75.5 2.25 56.12 65.77 60.82 23.42 43.8 52.65 85.37 13.69 6.32 35.58 83.79 8.68 95.66 53.63 34.75 63.84 40.44 63.08 54.57 76.97 5.88 70.1 0.57 47.54 60.35 96.8 18.37 55.6 1.52 21.06 86.59 71.74 90.28 98.75 9.04 41.75 64.15 97.84 79.79 25.18 53.63 48.62 99.59 4.79 4.68 41.28 53.65 26.03 18.49 82.99 69.99 69.86 55.57 60.23 65.46 10.21 15.56 38.66 52.03 58.06 96.41 73.3 19.91 48.48 56.71 94.31 35.99 83.55 53.99 80.21 96.27 5.01 7.94 29.59 48.92 33.11 42.72 94.65 61.44 75.45 95.12 45.83 39.23 78.42 36.56 95.06 16.09 67.32 46.07 17.36 27.45 96.53 
88.43 75.12 46.2 10.61 97.52 67.8 7.88 98.85 38.01 0.59 77.19 11.54 20.38 90.32 10.8 94.13 74.16 3.98 53.03 87.34 41.91 55.99 60.23 35.71 42.76 73.94 87.47 44.85 68.33 79.48 86.75 28.55 16.16 20.77 59.75 91.01 36.29 36.15 80.36 96.33 65.06 24.85 51.96 87.99 46.79 49.69 92.99 34.1 99.09 99.57 50.44 90.92 60.03 94.5 25.53 96.76 66.86 25.4 58.35 30.99 54.75 81.88 59.04 98.89 31.66 36.79 91.8 32.07 80.5 24.2 15.11 26.24 63.71 68.4 56.7 73.44 56.45 96.27 54.79 84.23 15.13 92.52 28.69 36.7 95.16 37.86 51.27 34.01 68.44 4.12 83.33 99.73 54.89 66.71 95.72 91.26 74.78 35.29 48.86 65.52 
48.99 96.06 21.25 88.31 22.81 5.67 78.8 38.89 65.74 75.87 54.75 24.86 4.21 40.48 66.67 88.8 77.38 1.88 31.24 57.71 67.01 12.86 50.03 59.34 41.63 61.59 30.69 4.9 72.52 92.13 76.15 17.16 24.36 11.45 21.94 64.66 97.06 4.55 26.61 48.28 96.84 4.16 23.43 74.59 44.43 38.35 23.01 42.16 86.19 10.52 15.79 61.33 60.1 49.53 61.18 25.94 82.38 4.66 65.64 56.29 63.27 50.18 45.95 36.66 30.46 7.05 45.78 77.71 37.58 85.9 24.02 44.53 61.45 4.28 61.2 4.44 46.83 34.0 36.97 64.9 40.41 89.78 15.93 91.96 66.33 79.04 41.75 22.02 35.28 94.69 80.27 5.81 46.19 47.49 70.97 52.39 34.82 2.87 43.41 73.07 
47.49 7.99 30.15 60.6 69.42 69.4 60.94 77.04 17.27 69.0 54.32 65.56 13.12 86.5 32.28 45.74 93.42 30.39 71.13 100.0 70.36 66.17 67.58 9.39 55.5 70.57 42.75 51.15 76.06 33.56 28.94 27.51 62.42 75.98 83.91 55.48 62.52 50.37 55.81 10.78 43.17 44.35 78.22 85.39 71.61 12.24 9.1 88.24 31.35 18.55 40.19 90.71 15.75 89.42 94.09 95.13 59.81 32.59 95.04 82.97 16.37 4.77 46.52 81.78 56.17 76.43 73.67 75.27 73.07 68.25 92.0 68.93 5.38 11.18 45.08 15.67 42.31 12.09 13.27 99.92 70.34 91.49 33.46 77.0 28.89 95.7 85.12 65.05 86.42 76.59 92.15 90.92 18.92 74.53 61.77 98.62 71.17 36.7 31.88 39.16 
7.64 52.0 26.53 73.88 15.0 86.48 25.47 39.94 0.76 58.57 38.31 46.49 43.96 2.12 36.22 92.22 92.69 27.26 35.02 21.67 70.64 3.7 42.35 65.85 50.34 59.55 78.35 45.57 74.14 9.5 54.71 50.54 55.78 0.97 49.91 46.2 75.13 93.86 49.97 1.34 86.51 70.43 33.38 74.33 97.19 5.3 66.66 43.76 36.74 12.49 42.46 19.69 30.13 26.41 36.27 26.24 8.12 66.58 79.44 2.96 36.59 82.31 46.66 32.96 23.66 72.58 34.0 68.91 67.79 29.22 60.07 94.83 43.12 56.54 57.28 30.93 79.49 79.75 33.0 61.6 83.47 65.98 70.65 42.67 64.17 46.71 10.23 22.9 73.07 48.8 94.21 96.8 40.43 11.88 90.18 91.22 92.81 94.89 4.69 76.53 
65.63 51.49 84.03 84.56 83.02 84.68 57.47 10.28 62.85 75.1 15.61 71.86 19.41 13.64 32.59 4.7 78.03 59.42 34.65 68.85 86.76 87.1 89.38 56.64 8.51 83.67 40.35 97.37 3.77 4.2 39.66 69.34 68.84 98.36 37.78 46.08 77.52 75.45 74.05 23.26 84.87 83.81 74.15 95.31 91.3 42.81 1.36 77.0 32.23 80.3 27.42 94.01 53.98 96.47 85.71 98.56 60.21 96.39 44.45 1.77 64.79 7.62 91.19 52.45 66.9 27.02 50.78 33.67 71.74 21.1 68.77 93.09 16.82 38.14 79.68 70.89 27.34 77.3 45.34 39.65 16.92 99.35 92.31 25.06 70.14 57.36 99.46 33.01 91.96 71.37 86.61 69.11 85.57 70.72 33.84 0.05 25.41 79.84 16.92 72.59 
