100 100
34.52 25.52 6.6 47.08 27.27 49.64 63.61 68.82 98.17 12.64 99.84 50.09 47.67 17.39 94.79 5.7 3.15 38.9 3.61 1.06 83.38 21.04 67.1 69.61 9.21 16.15 26.73 34.28 70.15 34.65 7.41 49.53 7.4 46.23 84.03 18.73 54.25 1.55 79.32 83.19 82.42 23.88 49.65 24.04 38.94 54.08 3.47 65.31 22.33 18.73 62.43 18.12 39.4 31.46 19.22 59.55 3.87 30.64 68.2 96.68 87.06 2.34 84.86 27.11 7.26 37.48 8.51 70.17 49.32 23.81 38.73 9.63 38.74 79.47 90.88 58.56 55.82 93.35 68.35 29.52 64.4 49.19 0.0 69.18 47.05 75.54 60.08 95.55 83.98 81.57 35.0 58.14 86.57 10.01 26.25 26.43 97.9 62.78 82.16 0.72 
2.63 32.34 32.32 30.58 46.3 2.28 58.25 21.09 50.37 64.53 71.19 4.62 23.34 37.16 83.89 56.69 10.5 56.81 56.89 38.81 95.55 62.95 71.93 57.83 65.55 87.13 35.07 42.1 77.52 9.89 40.54 47.68 19.71 50.33 32.39 24.7 43.54 9.0 85.78 93.25 53.16 93.35 92.15 1.27 78.75 16.93 73.35 62.58 27.09 78.3 68.48 2.27 98.19 93.85 34.47 68.69 80.28 79.88 76.22 6.76 87.42 53.41 75.44 25.49 83.29 48.97 18.9 34.15 43.09 28.97 35.77 66.25 41.3 98.85 41.98 58.11 17.06 25.33 54.61 99.85 61.66 95.78 83.66 30.35 92.52 49.85 30.27 5.3 26.99 60.66 20.55 27.18 45.71 42.4 82.59 89.88 40.12 13.18 30.37 56.82 
71.71 48.05 52.84 61.29 31.55 15.37 19.09 90.29 77.74 1.79 1.1 89.25 45.83 95.99 84.64 3.76 72.66 19.28 85.66 56.83 47.48 62.52 14.57 45.24 6.0 12.96 34.42 27.04 12.8 32.3 39.76 63.67 35.22 77.44 42.91 74.99 98.37 39.54 91.71 62.96 24.45 13.48 58.7 60.96 2.36 99.82 35.36 69.26 3.63 84.67 37.13 44.93 59.61 38.65 75.02 24.02 41.08 25.85 77.84 67.8 36.56 15.84 55.35 40.99 8.45 47.52 77.18 49.76 16.96 2.24 5.01 89.85 41.28 5.37 56.03 81.22 94.44 90.58 94.89 94.49 23.82 29.01 47.88 6.66 12.96 46.85 8.52 58.78 51.6 29.04 56.97 26.75 21.13 34.19 46.6 57.69 50.2 26.75 21.21 69.27 
31.37 65.57 13.23 56.78 53.89 75.37 39.65 4.03 0.0 67.18 55.82 47.72 72.42 67.14 49.28 2.37 69.32 59.02 56.22 13.03 99.8 45.36 60.89 66.42 37.51 84.38 95.06 57.6 43.17 65.47 88.83 78.79 47.54 44.82 36.81 70.2 75.73 74.37 34.37 47.76 11.07 22.41 7.61 2.64 41.86 2.12 7.42 48.63 8.29 95.6 63.39 79.55 68.15 85.08 96.43 86.47 29.79 80.72 70.23 76.7 58.87 64.75 21.23 30.68 51.37 55.46 44.52 30.74 79.26 31.4 28.46 96.85 58.03 46.09 25.01 68.14 55.24 6.52 14.55 76.16 57.85 85.06 74.07 66.44 43.1 83.48 85.89 37.77 51.99 70.62 30.41 85.5 47.62 70.28 90.88 54.72 51.8 85.09 60.58 31.72 
92.07 3.67 83.91 28.45 58.99 53.35 81.39 43.11 68.79 28.82 5.65 12.68 49.89 48.38 50.7 8.15 23.73 63.51 89.78 61.66 29.86 75.25 48.66 56.24 53.43 91.15 30.62 53.56 48.85 90.42 96.81 82.72 18.13 51.73 71.73 64.09 94.06 37.84 87.17 96.23 99.32 24.72 99.9 90.88 0.84 8.51 18.75 1.5 55.43 23.3 54.62 54.03 47.73 55.27 63.6 55.21 53.99 43.76 87.6 23.16 26.71 19.27 9.72 58.07 83.96 39.49 32.14 46.33 4.69 49.92 53.14 70.73 76.64 13.52 67.17 81.3 17.17 24.85 36.33 66.72 88.65 48.86 85.67 54.53 60.25 1.56 55.31 60.03 25.59 20.64 2.3 98.13 71.8 57.49 82.7 70.42 9.84 59.39 59.85 40.42 
17.98 99.94 78.92 14.19 21.0 59.43 19.55 50.26 26.01 52.72 88.84 33.52 62.53 51.57 44.68 60.7 29.29 50.97 46.23 1.95 33.06 84.28 12.55 22.21 15.83 0.98 33.08 69.26 5.96 82.47 14.35 61.0 96.0 86.41 66.24 33.34 45.54 77.96 27.87 42.75 30.67 27.83 8.61 52.06 13.62 30.88 72.65 67.14 85.71 27.0 27.03 33.1 44.72 86.04 82.52 43.61 3.87 52.63 44.29 64.48 93.64 33.46 55.09 23.68 10.11 49.24 57.4 73.81 83.74 67.24 63.14 90.33 91.25 75.76 19.48 29.06 9.57 61.84 37.58 29.68 16.18 5.54 7.48 18.82 72.32 9.91 56.73 35.49 87.43 44.33 23.03 74.85 51.55 90.87 1.8 21.78 40.25 47.99 98.62 24.94 
41.85 64.37 63.13 44.09 30.17 46.43 6.47 88.76 7.84 7.71 7.22 54.53 75.01 5.59 92.32 54.9 35.96 41.42 39.05 41.32 42.49 83.89 81.31 1.62 86.82 12.11 19.7 27.95 99.3 65.03 28.39 49.56 76.34 26.77 23.82 32.5 62.75 73.56 10.42 59.03 39.32 57.58 46.83 12.44 20.96 4.99 82.17 9.91 54.07 61.49 96.7 45.33 12.61 27.07 43.66 27.0 31.33 83.6 29.8 20.84 82.36 33.85 90.92 38.79 96.31 38.53 15.92 44.37 52.81 59.16 47.57 82.33 17.13 88.93 41.97 77.86 79.05 81.13 99.39 92.44 58.33 65.23 89.26 67.87 76.97 74.5 79.22 37.75 62.82 95.82 44.09 36.73 41.09 92.2 74.44 91.78 90.99 41.78 26.38 36.73 
93.16 83.0 54.23 51.81 70.22 55.29 46.16 93.1 27.4 76.7 38.94 43.43 33.59 5.83 22.68 85.87 43.44 93.69 58.87 73.64 51.13 43.44 25.86 46.25 82.99 60.36 74.63 20.55 82.12 92.98 24.89 67.75 11.25 37.07 56.39 72.31 2.09 98.75 53.73 57.51 9.02 90.38 44.3 53.42 82.87 63.39 28.26 78.22 66.67 66.0 37.37 1.09 29.37 50.41 74.91 56.0 95.78 44.34 82.98 79.75 1.45 44.33 55.39 54.63 99.66 85.08 64.36 46.4 74.5 87.65 97.53 41.6 68.62 92.57 8.33 4.84 17.23 38.79 66.7 96.19 91.1 58.58 60.49 11.59 90.11 20.08 37.81 35.2 96.65 64.11 0.16 21.42 93.12 50.07 52.56 56.56 71.74 46.88 92.38 85.41 
16.16 79.1 71.69 26.23 14.45 66.13 99.12 39.32 70.77 72.48 57.04 58.83 19.08 21.38 97.11 45.32 6.59 10.26 43.18 67.4 6.61 6.85 74.44 74.84 41.15 97.87 83.33 82.59 42.11 8.0 3.29 45.49 56.38 6.64 79.36 66.78 5.13 72.08 10.93 49.95 40.54 88.4 30.73 73.41 3.94 9.11 96.39 39.65 78.91 33.32 61.92 27.08 49.81 5.12 65.02 51.24 21.86 65.13 13.38 24.53 32.29 54.07 78.1 88.63 83.81 92.78 5.49 82.26 61.42 40.34 40.01 98.58 51.48 62.78 10.57 80.8 67.99 28.21 69.89 2.69 5.17 81.34 92.47 81.35 77.84 40.13 30.42 73.64 81.32 0.38 98.67 14.91 1.2 30.33 10.68 68.67 30.1 86.64 14.57 69.54 
3.07 85.46 85.51 58.09 46.4 18.01 14.77 25.88 45.67 8.8 98.67 11.8 77.75 76.14 71.04 16.59 19.07 69.92 41.89 31.61 37.78 29.57 1.9 9.83 0.79 26.07 27.32 42.37 78.63 26.55 73.39 42.44 10.62 47.3 75.36 79.68 0.86 41.48 85.92 52.97 51.57 1.72 65.44 37.14 4.42 44.41 6.92 90.13 52.93 82.63 21.76 61.07 9.11 87.48 34.05 96.92 56.54 84.11 31.43 5.46 98.13 27.59 98.77 95.95 12.23 56.8 17.13 85.17 63.16 29.41 45.01 26.23 73.48 0.42 11.69 90.23 54.59 17.83 42.69 6.89 9.25 74.67 6.82 49.05 65.27 74.02 20.87 28.22 73.09 35.29 73.13 53.6 1.45 94.28 30.36 95.34 95.5 26.69 73.92 84.27 
19.26 55.75 70.43 75.06 90.51 87.98 19.83 97.43 30.46 58.12 39.48 21.06 92.58 54.01 36.7 63.51 5.73 35.59 94.38 78.1 64.78 57.95 43.88 68.51 29.21 58.09 28.35 90.37 44.26 67.19 65.26 16.87 82.74 65.95 1.96 64.53 16.12 9.09 20.29 98.54 63.23 7.16 87.23 62.73 31.52 68.33 67.27 8.09 61.88 71.45 9.38 26.18 11.2 62.36 96.12 28.92 58.5 40.09 96.23 54.41 0.42 26.77 92.94 20.33 9.7 95.87 69.79 90.77 66.19 67.0 23.67 70.27 34.3 62.11 39.94 89.59 52.97 58.29 8.99 1.92 24.54 65.02 84.96 65.23 37.78 0.23 87.88 46.69 36.56 38.53 28.59 48.61 50.74 57.83 91.93 21.74 38.75 15.63 48.53 1.42 
52.07 45.49 77.85 74.83 21.44 75.46 75.95 63.55 81.52 35.73 90.31 84.4 96.34 40.29 70.98 34.06 21.34 99.16 52.45 27.75 39.49 41.44 83.81 11.06 38.72 7.46 6.25 55.24 55.94 98.4 36.18 40.97 98.71 55.85 50.15 33.44 70.0 80.18 83.14 52.44 63.76 86.91 46.03 44.99 69.22 43.11 39.61 75.48 20.69 22.14 92.94 58.22 55.93 64.23 81.84 70.98 1.33 33.14 89.83 4.3 84.67 14.3 58.19 21.23 87.64 8.87 34.43 24.85 89.09 39.76 69.22 56.63 17.53 0.72 30.68 77.96 26.8 47.57 1.8 19.15 32.13 51.99 2.0 15.4 95.77 12.28 26.99 87.83 30.89 43.48 32.43 68.96 0.66 49.24 96.4 16.73 25.12 11.79 83.23 8.91 
72.77 23.37 97.0 60.72 6.31 21.91 56.95 62.23 71.87 87.35 48.81 89.55 70.09 0.85 6.36 3.8 23.79 68.54 55.6 15.5 61.86 63.93 10.46 58.2 71.9 48.73 43.1 85.1 35.11 90.28 64.91 75.08 46.25 5.91 44.6 10.18 38.51 29.31 58.98 66.11 78.84 12.04 18.69 38.84 72.66 44.67 36.5 16.22 18.43 6.14 8.89 91.48 82.68 27.5 62.91 7.12 23.55 86.79 79.99 12.52 77.46 35.41 45.75 15.97 37.09 93.13 90.74 13.05 91.77 39.04 80.81 77.12 71.14 68.51 87.8 4.81 32.14 82.64 21.31 19.74 55.42 25.98 30.65 50.98 72.53 90.48 92.22 19.33 27.93 59.75 82.22 84.11 90.85 75.63 97.11 25.89 71.37 71.72 24.97 66.53 
62.31 32.77 89.73 56.73 23.7 7.26 87.31 93.75 50.65 21.71 7.65 66.75 16.47 19.31 90.01 66.13 63.22 73.2 90.12 34.15 19.43 5.09 47.35 79.32 60.94 73.73 27.53 24.37 94.89 84.41 82.93 8.7 39.2 10.89 14.66 20.21 90.35 13.76 44.71 88.4 20.65 86.01 5.03 31.05 23.01 55.37 29.19 10.14 25.95 25.7 88.56 18.96 34.46 45.36 49.42 92.39 13.42 48.83 39.9 4.68 19.35 30.07 6.64 95.17 3.74 70.77 9.55 41.35 56.32 64.79 50.31 80.83 30.56 51.38 55.23 68.8 94.84 93.93 36.28 46.41 83.15 18.47 35.57 86.43 76.39 56.92 17.88 77.72 32.04 23.33 13.53 7.41 93.58 88.8 29.67 0.71 53.7 9.97 41.7 82.29 
15.63 9.8 48.72 30.37 95.26 4.8 26.9 4.62 33.85 22.94 42.95 42.75 45.31 58.21 96.12 36.83 5.51 63.88 41.64 20.29 1.74 94.92 11.34 18.97 99.68 72.03 87.5 45.94 52.72 54.49 5.24 48.27 73.53 77.25 55.4 46.5 11.72 28.88 35.23 42.59 32.67 21.11 47.26 10.52 72.76 28.5 78.02 25.36 53.94 56.9 98.07 31.06 76.65 33.5 11.94 95.11 74.26 97.63 52.68 48.98 4.54 11.92 59.39 67.45 74.0 5.98 98.12 96.8 39.53 11.32 86.57 2.3 8.4 45.48 61.34 68.76 62.51 55.53 82.8 54.33 65.58 37.07 7.0 67.42 73.2 3.2 66.8 9.52 54.59 90.0 95.14 2.13 52.4 49.76 91.94 95.69 52.13 1.51 83.5 39.8 
6.47 79.42 48.01 79.89 61.3 44.07 84.22 33.41 60.07 98.87 81.59 90.54 61.07 84.7 9.7 78.56 88.17 9.33 82.35 27.28 49.82 5.16 67.43 73.48 3.28 98.56 7.58 46.28 11.58 17.43 88.5 82.94 39.08 59.5 42.1 34.05 58.45 93.43 99.53 31.42 96.26 67.14 15.96 7.54 27.72 53.24 72.91 75.88 41.76 70.36 27.1 3.49 37.15 80.85 14.96 33.61 77.28 80.19 41.26 44.83 27.03 61.74 76.9 65.45 18.24 61.4 66.38 97.12 42.47 61.27 98.29 39.92 49.02 58.76 23.87 52.9 34.44 88.07 17.86 28.44 45.66 14.87 63.82 6.71 83.03 11.63 11.28 7.26 81.9 61.05 96.62 8.93 71.62 28.19 40.83 66.3 59.72 87.96 38.08 11.06 
65.21 94.04 26.63 50.39 30.23 27.65 90.47 40.47 71.7 70.38 74.23 83.31 96.1 3.56 6.6 67.56 89.38 48.98 18.31 49.95 11.35 30.27 9.34 53.06 69.38 52.62 67.29 37.04 19.73 69.48 63.73 88.51 46.42 29.52 58.57 57.82 97.54 73.99 24.06 67.75 16.46 86.02 59.17 11.04 91.95 76.21 3.05 52.23 64.72 26.42 71.6 49.68 70.9 2.99 35.52 18.27 72.69 94.31 29.62 59.8 25.54 23.2 33.77 98.86 57.47 34.45 93.77 74.88 91.15 59.9 56.9 58.07 22.12 19.31 81.34 76.03 77.74 23.64 41.36 61.02 20.43 9.54 90.59 53.56 26.19 48.52 65.06 27.03 64.71 42.37 4.0 30.13 31.0 37.76 42.2 79.2 30.02 67.09 80.27 71.04 
95.68 50.2 71.11 27.98 33.45 71.93 69.85 31.96 11.77 84.67 82.48 51.88 91.87 71.18 13.88 19.48 77.49 43.6 60.04 63.0 86.79 47.01 11.0 64.92 97.1 82.67 31.19 70.46 89.71 64.87 62.25 36.78 26.95 78.1 49.58 79.45 26.53 6.75 28.33 42.19 59.16 68.14 17.23 88.93 84.64 91.47 59.42 92.78 59.1 50.6 18.11 75.79 91.0 75.96 82.04 35.35 97.59 42.83 60.73 78.35 14.87 56.9 52.79 72.71 43.79 35.94 51.81 17.18 73.73 16.68 13.87 25.17 9.89 99.84 48.43 16.02 45.74 82.95 9.86 7.9 63.62 20.77 60.85 10.79 17.46 95.78 50.9 24.75 49.5 77.94 3.26 59.47 20.21 1.67 31.64 3.77 84.88 90.93 14.8 90.92 
33.57 18.52 41.07 24.86 21.92 94.51 98.02 55.23 59.73 40.67 22.72 15.05 91.27 22.43 47.14 63.9 96.87 78.2 70.25 11.57 68.7 6.99 63.26 32.31 65.48 49.56 67.93 18.34 30.57 25.84 78.93 62.71 65.77 71.78 11.03 6.14 89.22 52.79 39.22 30.45 69.99 17.28 65.69 31.85 24.2 94.23 11.59 61.38 77.91 31.5 53.12 77.21 50.5 17.77 21.94 13.25 89.2 30.51 67.96 32.45 89.66 4.72 38.86 99.19 71.09 22.58 65.37 75.19 34.82 83.2 53.6 15.88 24.85 23.12 76.86 20.0 25.83 23.35 27.87 64.58 79.67 56.85 39.44 39.0 75.22 1.29 6.82 77.69 67.33 66.56 47.93 78.91 11.25 63.66 19.37 88.87 56.32 72.46 65.18 24.96 
28.94 49.14 13.28 9.56 48.83 51.34 50.0 86.97 65.15 48.7 97.09 99.75 69.14 29.61 87.51 8.08 38.71 11.29 86.36 45.98 96.97 9.47 31.73 21.48 21.54 26.5 76.26 84.45 24.24 72.23 95.09 5.51 31.97 40.8 88.0 31.94 38.78 27.98 44.78 12.6 66.04 89.19 61.22 12.81 63.61 5.76 90.52 72.32 7.95 48.71 89.63 94.54 5.05 3.35 73.64 94.02 85.68 45.51 22.24 70.04 88.51 40.84 92.23 19.48 62.63 72.2 77.3 49.4 85.12 87.08 22.06 0.82 81.58 96.93 41.42 49.18 58.11 53.17 18.04 4.21 1.63 71.12 50.91 91.84 82.02 72.19 6.14 64.67 94.52 67.19 77.78 53.5 13.65 9.2 0.27 42.46 90.96 3.12 67.6 22.77 
18.01 70.76 4.11 56.26 93.37 35.45 1.44 58.5 77.88 8.0 82.57 93.79 95.68 27.25 79.29 59.45 40.53 32.51 12.63 25.0 76.48 22.9 47.01 83.73 79.98 89.04 48.37 68.42 56.42 86.1 14.35 80.88 78.52 54.33 59.89 85.96 35.87 82.92 36.02 24.45 55.79 56.03 30.97 6.58 53.85 16.44 53.37 58.09 99.13 30.94 25.19 4.16 34.37 44.68 18.61 92.91 73.53 66.76 55.25 80.12 10.96 38.38 49.17 19.09 14.86 96.4 15.3 25.99 45.66 60.38 84.24 19.54 34.8 38.99 61.04 66.42 83.3 73.09 40.83 98.65 91.0 6.83 47.34 8.04 7.16 5.89 91.65 63.81 1.03 22.29 58.14 44.5 87.06 38.92 11.97 22.83 3.56 13.95 88.41 93.11 
35.82 84.97 67.89 84.89 95.36 85.95 62.95 63.46 15.12 76.17 43.08 78.23 97.56 79.82 1.77 83.47 56.84 86.99 26.5 22.09 29.8 72.89 66.8 33.13 90.85 50.3 8.08 16.12 95.65 82.43 49.74 61.47 95.21 48.14 54.88 35.01 7.9 69.61 85.82 87.03 9.95 83.67 64.9 41.18 7.22 62.46 3.15 7.32 80.22 66.22 20.71 53.55 52.72 42.07 42.55 67.57 20.1 65.79 90.36 35.14 87.84 60.9 7.52 64.23 12.8 18.87 47.62 87.57 10.25 87.7 29.15 83.54 88.5 92.09 9.03 65.12 99.09 97.82 55.82 0.7 45.75 35.36 9.88 46.44 78.18 53.36 2.24 89.83 7.35 81.23 66.36 26.74 18.77 42.07 17.9 20.23 26.95 71.91 96.35 18.23 
10.09 69.31 59.39 39.43 87.16 20.87 95.85 71.99 51.58 22.05 76.57 68.12 55.33 40.44 93.51 58.77 45.01 49.23 47.26 57.73 87.97 92.05 30.44 71.94 90.11 27.44 20.26 85.68 99.8 40.97 37.59 40.38 12.37 6.22 51.39 89.03 38.5 21.93 7.97 64.08 76.22 52.0 42.42 61.62 31.11 47.42 85.94 10.51 62.39 34.87 17.57 65.35 93.16 15.24 20.87 34.55 12.84 27.36 97.43 30.76 16.51 96.99 57.46 9.95 71.77 9.28 54.94 47.51 76.92 14.09 59.89 85.07 76.22 97.83 63.32 69.96 27.37 33.0 92.19 0.98 74.85 47.12 70.66 88.44 68.13 36.34 2.01 34.64 78.39 86.19 60.95 41.35 9.64 51.33 80.08 55.18 70.14 89.72 86.26 68.78 
69.16 42.54 92.58 6.04 30.25 0.57 79.96 32.78 67.26 0.27 8.83 51.05 52.19 48.21 85.6 54.78 15.05 81.34 71.4 47.08 54.84 32.31 61.31 45.62 8.4 83.99 80.95 31.41 18.94 65.54 44.5 28.39 69.88 63.37 93.17 36.56 1.13 94.77 86.48 79.73 4.65 19.44 49.89 70.49 4.38 44.71 92.0 39.67 61.2 13.75 91.89 25.11 8.13 53.29 23.25 65.75 13.03 96.85 25.35 0.89 86.67 92.82 53.25 31.46 2.23 52.98 39.54 60.66 69.45 96.04 78.24 94.66 10.97 93.62 97.72 50.21 21.57 31.31 24.05 86.27 52.0 56.49 48.79 48.83 48.21 95.97 5.96 94.56 94.09 91.88 31.67 37.53 51.34 22.08 27.04 45.54 63.4 42.58 69.95 97.92 
92.33 13.7 24.59 4.78 86.97 49.45 78.87 79.56 38.97 59.71 99.51 51.04 69.08 38.93 31.99 98.78 0.28 91.53 88.36 97.18 16.75 74.37 59.83 56.69 77.86 79.65 62.86 58.6 55.23 77.66 77.7 89.45 87.11 88.34 66.59 94.79 99.6 52.92 64.96 88.62 26.84 32.44 23.71 74.14 73.34 68.81 43.07 54.45 0.97 5.62 79.36 37.68 90.15 81.16 24.65 69.98 20.56 73.98 56.64 61.88 39.73 2.46 30.72 8.98 39.98 54.43 39.8 46.08 43.77 50.02 98.59 15.49 5.39 21.72 18.56 74.87 73.05 29.24 27.48 17.8 19.49 13.44 53.09 30.8 41.71 33.84 34.2 65.05 50.56 27.01 44.75 57.81 19.66 69.46 16.21 98.88 39.73 27.93 22.01 0.87 
29.2 32.5 44.19 98.53 84.77 13.3 76.54 72.05 16.86 0.67 31.6 61.84 3.88 99.85 9.19 18.52 16.4 16.99 53.24 10.34 8.22 30.52 70.56 92.93 44.1 73.81 10.28 31.16 36.45 18.87 5.99 51.36 92.24 28.57 63.9 93.73 29.94 75.32 39.74 29.41 11.93 7.84 84.92 4.12 52.16 84.45 58.02 71.81 1.14 81.39 91.53 84.92 80.62 27.47 75.86 15.82 39.03 12.86 72.58 93.55 25.14 68.96 97.28 53.9 32.65 18.65 18.47 16.93 50.7 52.14 3.81 26.06 66.94 91.8 7.15 5.3 8.54 71.71 30.95 17.21 74.01 72.27 17.27 33.22 3.99 18.34 17.42 59.95 62.86 70.58 65.92 0.51 54.51 14.16 36.88 68.16 75.47 76.08 93.12 11.1 
16.56 83.21 47.01 51.86 60.19 6.83 40.34 92.65 84.62 26.01 15.6 88.55 78.67 82.51 95.41 44.85 91.11 92.5 8.5 51.65 87.05 27.07 0.89 29.27 60.59 72.34 49.09 21.29 57.78 32.82 48.41 38.67 96.7 46.9 84.2 27.83 32.67 42.45 6.05 8.61 5.53 71.81 16.09 3.57 23.6 30.84 51.11 59.36 83.82 84.53 85.3 43.0 1.63 93.01 5.52 80.88 25.45 55.81 14.17 97.06 40.55 70.2 96.17 98.79 24.94 29.35 45.84 51.58 6.08 70.38 87.43 84.34 81.21 18.69 38.3 65.6 6.48 65.11 58.06 96.07 30.39 55.6 98.52 69.74 45.76 69.14 19.86 66.2 60.9 8.95 66.18 50.02 45.46 34.64 0.3 69.61 89.64 18.32 81.98 67.69 
25.97 16.51 36.35 38.21 2.52 11.48 0.12 90.24 63.44 90.5 51.86 8.8 88.01 99.79 29.83 34.16 63.36 30.74 15.66 17.02 17.16 70.8 15.66 44.7 16.71 78.37 2.71 75.57 48.68 22.05 91.29 63.16 29.73 57.87 5.58 99.37 62.47 5.33 66.71 56.98 43.42 22.72 68.46 65.68 50.21 75.43 33.41 13.05 83.6 37.09 40.97 21.99 16.57 62.66 97.44 19.72 7.81 25.15 74.19 79.71 69.37 13.08 75.05 87.79 39.73 44.6 5.87 56.28 2.39 65.84 10.74 85.86 7.48 66.25 7.44 53.94 99.34 61.5 2.39 90.57 26.53 65.96 89.79 87.75 12.29 0.7 43.36 76.99 93.44 60.98 90.27 0.9 93.4 97.14 16.16 99.59 81.32 46.96 88.1 30.23 
83.17 94.15 97.67 39.17 53.11 17.55 20.49 9.71 83.92 38.92 60.44 16.19 33.58 73.05 96.65 24.88 71.94 33.54 80.05 95.83 6.23 49.85 32.09 56.19 26.8 6.93 83.14 35.21 25.94 27.24 50.4 73.9 81.38 77.0 95.97 48.08 63.56 93.32 24.71 72.75 21.2 96.93 78.18 87.59 23.21 76.51 56.3 59.02 86.37 4.84 51.65 72.18 98.6 74.44 12.33 28.03 54.85 21.05 59.14 5.33 59.17 36.78 70.27 94.85 10.53 61.89 12.41 64.32 82.12 83.67 41.05 66.3 24.51 64.41 14.76 58.57 71.39 66.37 68.31 66.84 3.27 40.94 67.61 82.71 29.58 1.87 26.04 56.62 82.05 7.78 95.92 15.09 73.79 37.94 61.75 4.13 67.2 57.12 52.28 36.82 
11.48 30.36 57.62 1.81 55.75 66.26 84.34 71.95 17.23 39.02 6.69 37.11 85.93 63.39 75.39 74.01 76.59 74.37 26.52 57.14 97.06 93.97 92.89 9.48 87.87 51.03 57.5 89.74 2.28 56.93 4.68 13.36 38.03 30.07 18.16 8.78 2.78 4.75 47.57 17.49 93.52 56.73 14.54 56.7 96.88 26.63 58.25 76.76 72.3 25.07 26.23 62.07 62.6 58.87 1.09 43.77 87.81 26.34 15.96 15.2 17.14 91.57 52.71 67.28 81.16 62.54 35.32 89.5 81.95 65.81 28.12 14.81 82.3 32.04 23.67 21.66 6.63 80.51 58.01 44.84 66.42 18.67 22.66 88.47 30.44 52.97 52.19 78.89 96.43 41.07 53.46 43.09 84.83 2.4 8.83 49.08 67.6 43.85 29.11 98.84 
65.46 50.46 54.19 21.29 95.41 37.3 99.22 73.24 27.3 57.93 22.76 19.55 12.52 17.19 49.19 30.24 81.33 41.86 12.53 1.89 66.0 21.34 1.36 83.57 96.24 42.03 74.99 63.13 30.73 4.64 90.27 49.08 33.81 31.08 24.97 64.97 80.1 39.13 9.3 58.9 71.38 87.45 79.68 18.74 79.87 70.67 50.96 75.43 89.93 75.09 62.06 71.29 96.35 89.11 88.17 67.92 31.34 99.34 27.99 69.3 34.89 93.32 68.6 39.62 53.3 32.82 2.21 2.47 49.54 57.85 19.61 18.38 35.36 30.83 32.73 50.97 90.2 32.92 85.82 48.54 14.75 79.99 98.43 87.54 77.93 34.22 46.7 47.09 55.36 49.64 29.67 9.63 24.69 4.26 86.4 11.84 78.41 39.92 26.68 1.9 
38.44 52.03 13.08 94.7 8.47 45.7 85.44 54.67 79.59 2.24 50.11 77.76 13.11 80.52 65.9 88.41 59.82 11.29 46.17 15.2 39.92 29.76 62.17 59.98 99.35 31.1 76.81 28.84 79.26 27.05 59.65 50.79 83.58 27.87 34.51 70.23 6.33 73.09 88.65 62.3 85.24 87.12 29.6 87.29 81.06 41.14 9.41 69.37 42.9 61.75 49.32 58.12 9.33 38.12 88.23 6.72 12.0 44.87 47.2 80.23 94.08 15.66 49.48 88.96 29.39 73.76 60.14 27.72 29.68 50.1 13.28 89.54 57.28 96.96 75.38 14.6 18.32 35.66 53.57 29.08 97.79 60.8 94.6 26.97 11.68 59.85 36.38 48.36 94.0 97.28 67.57 11.93 6.59 55.35 23.02 66.45 58.51 19.69 92.37 36.29 
48.05 47.43 48.05 49.4 95.61 57.83 4.68 52.76 18.27 41.05 6.64 39.72 8.04 89.36 3.24 36.66 15.1 16.88 11.23 22.2 4.25 48.94 83.89 80.95 48.51 30.2 2.2 26.45 47.36 21.75 79.31 62.53 8.44 31.99 22.29 91.41 11.72 53.16 26.8 17.67 82.81 56.32 89.57 42.42 38.1 31.06 11.39 89.45 28.91 43.04 28.75 56.03 3.51 22.54 56.5 35.17 26.95 90.1 45.49 13.16 46.72 71.61 59.44 6.5 69.04 54.56 53.63 65.78 15.49 89.49 93.97 40.37 62.37 46.37 89.97 67.72 26.45 94.21 27.27 23.46 49.83 84.16 76.44 44.78 53.73 81.12 23.49 18.13 76.88 7.16 14.39 4.76 87.27 30.97 31.25 62.76 57.91 62.3 20.8 12.55 
27.0 87.15 77.24 84.35 20.82 10.79 41.14 80.9 3.63 58.77 13.29 86.21 33.17 23.15 98.68 52.15 42.34 31.26 89.07 98.8 38.56 56.96 64.98 71.28 10.18 91.05 47.85 6.43 56.66 36.41 61.36 75.75 13.37 96.02 67.35 87.77 25.42 77.79 26.05 52.46 35.32 48.33 93.17 33.15 89.01 30.14 6.92 37.3 31.6 51.31 36.97 26.39 59.98 25.0 64.41 57.52 22.67 57.05 36.6 4.19 9.14 54.69 94.47 42.58 50.56 36.25 0.58 30.83 61.76 22.98 6.37 53.49 90.41 27.08 84.09 51.23 3.42 37.52 14.96 6.48 32.88 44.64 68.79 10.13 24.31 37.98 32.35 90.97 78.55 57.64 43.77 50.35 55.17 79.16 68.64 7.54 10.19 63.96 9.7 27.97 
73.69 13.23 76.45 76.1 34.05 21.78 53.77 7.37 84.62 40.09 99.19 89.75 6.0 17.82 67.4 24.03 2.33 20.16 7.59 14.7 83.83 79.4 4.1 27.88 89.18 68.67 34.46 61.62 71.37 61.98 99.78 45.23 28.29 75.54 42.35 78.8 45.73 68.72 2.68 22.08 34.19 20.11 83.86 42.56 83.55 83.86 85.3 36.7 29.89 74.73 39.45 45.29 27.26 26.34 35.52 94.41 43.94 16.44 42.4 6.44 57.48 55.57 49.1 42.49 5.78 90.87 25.81 56.96 62.36 85.73 71.07 67.91 43.23 97.46 51.33 72.49 20.17 90.45 58.03 66.1 10.33 90.15 4.34 55.73 35.91 4.34 58.69 93.32 99.21 12.74 65.51 93.41 98.02 53.14 35.03 40.74 14.48 13.01 93.29 38.18 
46.3 69.11 71.21 93.04 13.62 4.66 77.31 90.83 66.93 73.16 42.51 59.36 41.93 71.46 47.27 83.33 55.72 30.62 41.7 89.72 15.49 32.41 47.23 87.91 15.43 11.99 84.91 14.44 30.74 12.37 9.94 2.7 78.46 15.62 44.4 69.79 4.13 87.04 91.12 89.31 70.58 33.68 80.44 97.56 70.34 96.7 48.3 62.63 57.06 68.22 69.66 31.54 92.65 47.52 74.09 58.41 36.88 28.99 51.91 8.72 63.9 44.9 18.63 28.85 76.34 69.47 43.19 68.17 1.68 27.79 60.97 41.72 97.92 43.01 86.7 25.46 66.07 98.18 14.1 83.33 65.34 85.51 39.33 35.5 53.67 64.91 73.51 90.68 31.09 56.34 15.92 81.71 46.2 45.9 43.95 63.4 37.13 94.26 38.49 54.42 
17.46 98.08 4.16 30.59 85.06 69.73 62.67 6.38 26.86 68.89 94.42 73.16 16.54 40.58 78.76 98.21 53.3 88.83 36.52 26.93 70.18 42.3 9.45 71.82 47.77 48.87 21.19 17.04 5.74 69.97 51.65 14.52 8.21 32.13 22.4 98.84 11.79 33.2 34.68 1.91 5.17 93.81 23.6 5.82 37.77 90.79 91.93 32.18 11.78 8.54 65.54 29.94 16.44 96.86 68.46 90.02 16.51 29.35 50.38 84.72 67.88 14.95 11.67 2.75 22.33 27.36 61.99 26.42 0.89 81.75 17.34 76.71 60.6 6.26 87.11 33.89 52.86 27.2 28.35 26.83 73.48 10.87 47.11 72.28 34.18 82.54 8.3 37.14 43.08 73.81 75.27 91.11 68.14 32.86 37.23 15.19 71.11 69.45 99.16 32.02 
42.4 95.96 1.91 28.32 37.35 69.28 12.98 46.73 12.92 34.07 77.71 34.56 90.66 17.85 49.65 50.41 26.53 30.03 24.53 46.11 50.83 73.42 87.33 60.98 53.04 84.65 43.93 88.31 24.93 82.41 50.22 99.69 42.99 16.86 69.74 41.94 66.65 81.93 88.37 53.4 51.9 73.31 89.49 81.78 32.12 49.3 46.23 23.89 97.26 78.98 18.85 49.32 10.72 42.98 54.77 14.65 39.11 85.56 76.32 22.46 34.42 3.77 6.93 30.52 0.25 99.14 30.59 70.17 94.19 10.69 1.06 90.54 67.16 93.96 17.63 4.92 16.88 10.43 62.32 79.48 37.61 43.68 49.93 70.83 81.29 64.71 76.56 88.34 5.92 27.05 65.09 30.43 76.69 84.56 96.65 19.27 1.99 89.38 86.03 37.87 
32.58 45.75 5.93 55.33 25.04 66.66 90.09 11.49 72.9 4.41 48.52 20.39 38.08 3.81 9.33 43.7 73.57 57.14 61.37 79.64 14.22 23.82 9.17 10.96 26.48 14.51 67.66 56.09 50.62 29.27 17.82 71.88 38.78 82.41 16.47 63.36 91.41 43.13 3.56 66.11 20.78 70.03 78.34 80.34 25.27 20.15 22.37 52.26 41.08 68.91 31.65 17.89 48.91 85.73 82.89 47.31 52.39 72.09 99.4 53.1 12.39 83.86 1.29 55.83 16.56 27.4 21.31 31.56 87.27 40.65 43.02 1.55 82.4 44.21 70.94 62.8 23.67 75.28 73.97 99.4 94.69 97.67 52.58 59.57 87.19 14.82 68.06 30.75 38.03 99.62 37.69 96.13 91.74 94.72 43.71 9.95 43.92 30.23 25.71 86.1 
69.27 51.51 26.42 54.75 14.67 49.69 38.9 5.1 42.52 39.36 59.6 98.85 42.63 33.89 86.1 8.76 91.6 27.27 11.14 9.15 28.26 3.36 55.03 21.33 30.63 58.25 47.68 95.8 25.53 39.53 18.03 95.3 35.33 77.48 74.25 27.86 68.17 7.55 60.95 67.62 87.57 60.8 61.1 92.49 55.38 29.71 69.92 62.53 28.05 0.33 5.35 60.46 0.34 78.64 35.84 16.82 32.85 28.82 99.52 46.11 70.18 84.43 61.31 27.56 55.15 89.34 4.25 74.29 70.9 74.88 79.73 47.92 97.96 82.01 47.58 92.57 55.67 92.82 21.48 81.32 8.94 44.38 97.82 91.3 60.15 59.92 86.69 49.41 13.3 47.04 82.59 19.52 93.25 80.88 9.68 34.25 25.82 11.26 50.96 9.71 
36.91 7.29 24.58 19.94 7.97 80.1 1.29 49.08 33.35 5.25 67.01 84.38 61.2 99.8 21.69 60.43 63.34 95.91 71.58 16.21 72.37 92.97 15.75 80.41 44.09 62.99 49.94 57.6 52.38 30.36 10.41 48.15 0.04 46.6 59.23 98.13 33.88 32.63 68.51 41.98 85.39 67.3 95.5 70.19 19.34 59.02 53.26 27.34 61.6 49.65 72.19 21.29 95.2 64.35 16.7 3.64 58.5 39.4 68.05 63.67 53.35 31.13 9.68 62.94 72.57 33.37 54.6 26.61 85.78 8.32 35.44 98.48 80.81 66.29 37.72 61.85 43.56 13.47 94.09 25.79 73.76 23.64 73.12 77.37 76.02 79.8 90.33 4.37 36.18 74.62 40.57 0.2 91.36 54.91 1.63 72.86 28.95 44.53 86.56 93.36 
4.39 82.76 29.05 35.38 50.58 70.5 70.22 77.48 62.78 25.54 78.17 62.27 82.03 9.89 72.18 32.46 67.48 7.07 42.16 92.83 43.15 95.38 51.27 79.57 28.64 84.38 84.41 53.05 14.46 55.97 58.64 69.33 22.85 79.16 42.97 26.28 2.63 47.95 44.3 25.66 42.72 25.57 4.04 39.64 53.2 65.06 15.58 21.51 54.92 16.25 16.66 54.1 39.2 21.98 32.53 86.65 7.67 53.03 46.18 71.17 78.94 30.14 49.83 72.66 53.57 34.04 88.39 93.95 61.72 10.27 40.08 25.82 78.97 33.79 91.87 5.57 84.81 10.54 58.25 43.12 55.76 57.98 60.69 52.91 30.32 24.6 31.93 11.78 56.66 79.62 34.71 48.34 35.42 28.64 87.29 57.78 0.01 87.99 69.9 27.52 
34.43 81.58 45.46 53.67 15.04 7.35 65.67 26.15 76.34 57.54 49.06 61.13 43.74 66.72 11.8 63.42 46.17 4.71 3.69 8.63 20.19 27.64 52.0 45.21 43.88 49.81 44.15 29.63 93.53 1.36 86.39 24.86 99.11 92.28 60.12 11.57 85.45 12.24 60.34 84.37 25.41 57.2 41.07 31.32 98.28 88.9 11.71 23.98 42.49 1.38 25.21 77.13 14.74 89.82 73.91 73.0 19.9 91.38 62.24 82.75 55.21 94.99 56.95 59.79 20.76 97.93 24.55 23.99 83.78 20.29 53.86 3.68 48.98 75.7 26.79 53.08 78.81 36.21 44.58 16.96 28.55 22.64 38.57 71.37 9.25 97.6 94.79 29.55 68.34 37.98 99.83 65.53 82.63 15.96 71.71 74.4 91.02 23.1 74.02 57.87 
55.74 31.13 24.37 96.54 29.52 94.31 98.47 46.04 24.02 63.78 0.48 73.52 19.61 1.81 17.0 32.52 30.7 55.54 97.13 60.29 42.09 73.82 4.42 69.27 61.7 28.26 67.74 96.34 93.13 30.22 17.64 68.09 17.23 19.16 32.35 37.91 86.23 34.55 33.28 51.76 76.25 73.41 63.71 3.35 14.34 78.86 56.44 46.73 94.7 0.88 46.16 44.37 25.69 20.24 10.44 42.43 3.5 28.57 29.92 81.09 91.81 13.4 42.29 67.81 97.42 5.55 27.7 63.84 71.18 8.24 3.63 60.36 30.78 41.83 26.2 49.54 97.26 6.77 92.01 28.06 61.01 87.95 9.5 5.62 44.08 98.32 62.09 29.73 6.08 86.95 16.84 79.26 48.24 17.31 41.68 23.95 6.81 55.19 81.9 94.96 
90.59 92.62 12.4 62.19 10.12 73.86 25.9 68.29 66.21 82.86 39.5 26.37 14.12 97.68 1.76 48.6 96.25 16.49 60.98 36.33 41.26 12.56 11.65 28.84 60.02 81.0 70.34 77.55 30.3 98.64 45.13 85.05 50.91 30.44 53.17 24.52 63.36 80.67 10.14 33.72 84.76 5.15 61.92 60.24 68.84 72.05 54.21 19.68 13.96 83.09 38.99 17.0 66.47 44.39 97.95 72.54 26.05 6.79 22.62 89.19 45.25 79.16 28.38 94.54 30.1 55.07 95.52 93.17 90.48 83.02 24.03 67.68 59.65 53.68 60.95 74.86 0.86 73.55 9.38 93.0 45.41 44.02 55.96 90.26 61.57 67.0 60.69 0.03 36.53 54.06 36.67 9.41 64.54 24.63 10.62 89.08 73.8 40.57 95.26 19.15 
91.66 39.44 23.79 94.49 43.27 96.9 93.49 24.98 2.27 69.71 40.69 81.59 63.94 45.31 22.47 77.55 90.64 51.21 12.0 15.24 87.89 58.14 23.5 74.14 4.65 44.56 70.9 63.04 16.48 76.82 29.68 10.38 41.6 99.48 15.21 20.77 61.05 22.98 13.14 82.78 62.21 42.5 97.09 73.31 1.72 20.7 47.59 67.42 88.82 19.84 42.13 28.67 22.69 74.15 20.92 25.07 78.73 52.02 45.47 88.08 27.68 69.6 57.79 8.29 88.82 81.92 16.96 40.19 63.95 96.19 36.7 70.81 72.36 22.86 72.69 91.99 8.47 4.28 11.61 4.62 74.11 38.46 95.27 74.61 94.62 45.82 72.61 55.06 14.65 10.67 9.95 86.66 83.19 65.69 5.62 89.52 80.0 78.0 48.98 63.27 
5.87 38.22 35.69 19.89 57.53 50.15 1.37 83.38 35.09 68.05 63.83 4.32 84.19 31.04 70.47 53.5 58.41 99.4 32.06 78.59 98.08 6.69 86.41 30.6 61.22 2.96 76.44 92.56 9.3 79.65 45.89 72.17 46.08 34.55 52.84 52.0 31.26 56.6 76.45 26.22 42.4 84.53 45.31 91.26 38.27 20.74 47.52 99.17 84.77 62.43 91.62 27.16 40.54 45.75 75.53 64.58 63.63 85.5 86.01 69.43 92.65 32.7 95.35 0.48 76.72 65.76 43.62 88.22 76.35 76.82 95.25 68.27 34.83 14.38 36.59 63.89 23.84 95.63 37.78 71.14 0.32 7.64 36.48 69.65 72.5 75.01 13.72 54.7 62.07 83.66 22.86 62.31 67.09 15.09 1.43 37.95 75.17 63.94 42.69 81.63 
50.42 82.28 28.78 87.37 19.08 18.95 30.47 83.55 8.54 99.35 60.12 71.9 52.59 21.78 23.68 57.8 61.39 30.09 55.25 62.01 69.22 59.2 33.51 5.22 15.05 40.13 72.99 60.39 81.53 93.98 55.47 75.21 16.51 40.72 16.37 77.42 87.83 97.92 29.78 88.6 76.96 46.91 41.76 89.2 99.87 99.49 86.11 96.57 54.73 7.01 79.38 41.05 34.96 15.38 32.75 50.69 13.73 84.7 37.1 84.31 1.07 59.94 74.6 84.76 98.62 0.69 85.23 59.46 28.46 51.88 70.09 33.64 92.47 65.36 44.18 63.33 26.25 62.1 61.54 39.59 48.15 59.19 22.47 63.38 67.55 72.02 38.89 21.4 9.36 42.45 77.35 46.84 31.65 36.41 21.44 6.82 62.28 0.98 95.18 17.71 
56.69 69.94 67.5 53.61 83.99 59.54 13.95 79.41 81.48 1.53 46.58 9.52 78.49 19.43 35.16 66.12 79.86 65.65 34.0 86.83 16.53 2.08 97.28 10.43 16.15 24.84 12.61 51.56 20.14 5.14 8.18 60.56 75.28 42.31 91.37 52.96 57.86 2.78 58.66 84.67 45.94 49.08 75.72 43.51 41.82 46.86 64.43 25.45 60.49 74.57 49.2 64.96 42.53 50.51 8.73 92.65 19.97 34.88 51.47 0.69 62.49 60.88 83.03 6.65 57.78 97.9 62.12 19.84 34.64 52.66 47.78 30.74 20.62 69.36 25.31 63.58 36.57 98.93 60.78 55.21 70.06 68.96 74.85 48.9 36.63 1.12 45.27 21.01 33.38 90.76 44.63 90.4 12.89 84.61 94.97 95.88 57.14 66.94 73.9 65.25 
10.91 91.68 38.51 40.92 41.99 79.05 42.58 72.04 31.54 28.36 10.35 30.39 62.31 85.97 95.87 58.57 64.43 46.99 0.49 12.7 99.05 62.6 43.43 19.22 8.65 70.89 80.3 25.47 39.45 68.53 42.44 87.18 46.11 93.03 26.73 2.51 22.0 90.8 99.64 71.9 59.0 5.15 92.03 35.67 30.35 29.84 51.96 17.32 7.16 39.09 91.46 79.41 64.45 22.78 10.5 80.99 6.51 26.87 6.04 10.95 42.62 23.31 77.72 59.77 74.33 11.28 22.79 84.03 12.99 82.07 72.48 12.29 32.73 63.51 59.61 38.97 77.82 96.97 22.84 53.65 85.99 89.53 47.08 57.09 59.28 27.3 11.2 22.73 13.08 31.83 64.52 72.25 60.09 90.98 81.78 47.52 41.15 98.14 52.46 77.56 
97.64 88.96 44.98 58.84 91.11 73.87 48.87 89.97 15.1 26.05 38.54 27.81 11.35 99.78 21.45 60.75 97.94 22.1 30.16 27.54 40.52 21.58 93.04 44.69 49.47 32.96 71.46 44.38 65.45 43.13 82.77 65.99 3.92 25.09 37.91 89.12 65.19 39.83 9.79 43.66 80.49 73.1 14.65 83.5 57.27 13.87 32.25 64.25 6.94 74.4 12.79 22.55 87.03 98.0 18.5 15.04 66.29 99.95 26.13 37.96 26.21 39.35 72.91 15.34 45.03 25.4 62.92 13.04 71.73 20.13 63.58 8.84 86.4 11.65 12.54 24.53 60.66 96.64 24.15 5.06 77.39 29.1 31.76 11.81 42.44 63.46 26.99 82.56 22.66 44.54 60.49 98.67 74.36 74.19 50.1 91.99 84.3 15.04 1.58 18.25 
31.28 75.64 84.88 21.71 90.57 57.76 24.63 16.46 45.65 36.94 57.13 14.08 42.38 90.06 78.51 34.2 18.8 80.31 58.46 45.01 70.97 58.81 22.27 93.88 69.57 45.02 10.46 5.02 25.22 3.2 9.33 40.59 11.26 41.32 8.87 44.38 92.2 20.17 84.68 13.27 72.9 75.87 19.93 70.39 79.47 26.52 79.78 46.33 5.9 55.37 26.33 9.71 12.56 36.92 15.03 27.09 42.06 99.97 44.91 73.49 26.27 1.98 44.56 59.43 94.0 23.21 63.36 88.37 53.21 75.37 2.98 9.0 13.92 60.0 68.36 81.06 38.1 4.37 39.06 30.46 51.88 49.37 62.14 29.54 31.45 62.72 45.89 2.08 79.45 3.6 90.02 18.68 40.97 70.18 22.54 18.15 69.81 20.37 26.0 63.21 
44.39 67.71 26.66 14.46 50.36 19.57 88.73 85.94 92.07 42.56 3.15 27.42 68.77 11.46 85.14 64.04 53.01 22.33 98.28 12.08 38.54 27.66 3.93 81.42 82.75 82.22 94.44 69.51 55.09 71.88 6.33 49.92 16.61 34.49 24.91 58.84 98.39 71.77 86.22 87.4 16.93 94.42 53.63 94.51 63.07 38.65 96.94 65.37 27.65 41.75 29.71 53.92 82.14 66.79 67.18 64.35 14.9 21.93 51.39 46.07 35.34 28.81 52.95 99.59 97.0 56.06 99.24 16.4 57.94 48.88 98.21 5.17 92.47 54.01 23.39 88.41 91.3 60.3 1.17 89.39 39.52 49.47 94.52 67.19 40.92 79.25 8.62 99.23 65.54 1.43 53.41 55.6 33.25 51.19 85.63 56.86 10.13 30.93 18.75 58.12 
87.08 51.56 32.75 56.11 30.11 87.47 38.1 73.08 40.59 47.59 48.05 31.7 40.17 64.03 91.63 98.41 0.15 52.66 56.31 39.2 67.55 4.97 83.44 1.49 1.76 29.96 52.47 8.51 24.24 75.84 80.36 28.34 1.27 27.04 31.84 58.97 25.4 89.37 82.75 52.7 34.22 47.98 4.06 88.65 7.31 6.66 37.28 90.2 11.59 94.67 13.32 76.07 23.48 57.78 26.38 28.17 42.16 33.97 11.99 56.98 22.39 50.9 94.09 46.47 97.75 72.37 59.89 64.19 35.41 64.06 93.11 29.55 62.22 44.73 46.55 43.37 28.42 38.85 62.81 95.39 30.27 48.75 58.71 82.64 95.54 19.91 73.04 91.51 47.09 81.97 40.28 18.89 98.68 9.62 93.29 33.6 4.81 62.61 17.04 8.72 
81.22 32.0 72.28 86.93 36.9 41.28 83.38 76.84 9.51 24.95 37.41 16.24 76.32 34.88 73.33 79.9 20.53 5.08 49.16 54.23 68.66 39.52 63.13 48.56 79.44 74.11 69.91 64.18 56.12 4.07 77.58 95.73 75.32 61.13 32.17 97.07 73.44 70.83 97.54 3.9 8.75 19.79 15.86 68.58 21.78 15.24 90.74 29.44 49.73 24.52 69.45 6.29 11.52 41.04 13.14 86.6 69.38 35.05 34.75 42.69 90.03 12.52 53.31 99.46 74.05 23.2 60.01 54.06 95.44 30.73 16.81 34.3 95.23 81.24 11.27 70.95 2.41 85.02 73.06 50.6 13.93 55.85 16.54 10.37 50.89 36.7 11.88 33.41 22.85 76.91 2.69 5.29 73.92 16.43 81.91 95.0 55.07 75.14 9.85 31.72 
65.51 42.0 8.31 58.7 32.58 7.84 92.88 58.78 54.52 88.03 11.9 62.87 13.28 36.89 45.01 72.17 75.63 64.47 77.0 47.7 39.97 27.97 3.0 46.47 53.49 85.21 40.35 13.02 19.82 65.37 19.05 66.54 40.82 33.78 98.23 59.77 87.72 1.4 8.79 23.55 76.77 57.54 54.16 53.1 32.3 84.52 10.4 35.95 56.36 47.04 54.34 70.05 87.87 35.43 14.54 70.74 27.07 82.36 83.23 19.63 20.87 65.21 49.83 65.59 53.65 52.82 16.4 48.14 64.51 54.56 33.68 76.96 17.0 81.89 53.0 67.82 79.8 38.53 23.21 4.81 38.44 13.82 75.12 71.46 46.82 65.54 26.03 69.25 44.97 43.78 6.19 21.11 14.48 25.14 55.73 39.41 16.99 97.94 65.9 23.52 
62.48 63.43 41.64 40.03 84.07 95.3 43.64 30.51 53.81 30.49 27.89 86.21 60.11 47.91 37.98 26.84 81.5 28.67 21.32 21.49 33.77 80.94 34.28 93.71 37.95 56.23 73.1 59.93 55.1 79.48 17.75 60.68 60.47 65.16 3.83 57.36 84.6 93.56 44.28 83.91 31.52 77.53 6.87 62.3 95.54 58.05 16.2 13.57 37.13 29.39 89.63 21.91 45.63 9.11 35.32 38.46 12.1 36.44 37.68 43.41 59.05 3.84 30.5 20.51 25.38 0.55 11.33 36.21 84.88 74.74 81.98 57.26 84.23 1.28 9.52 85.38 22.86 75.62 89.76 35.05 60.68 41.63 60.79 31.63 32.63 0.59 58.31 60.91 68.71 42.0 26.02 58.28 67.31 82.88 94.86 86.04 45.82 1.64 22.82 10.68 
97.61 4.93 43.52 58.64 17.32 71.64 6.22 98.29 17.26 76.6 2.5 69.2 47.07 8.71 65.53 55.04 46.07 62.95 96.79 75.97 2.96 3.72 22.03 58.14 71.32 68.43 3.34 23.47 90.8 4.32 37.36 30.9 93.77 8.96 51.28 92.2 35.14 75.68 67.29 79.83 69.06 28.53 44.26 42.04 10.37 68.47 20.7 41.52 60.81 42.2 77.21 37.62 50.86 88.35 8.48 39.59 46.04 11.77 44.86 68.25 93.47 85.92 92.16 77.14 39.4 86.1 64.15 0.49 30.96 11.44 67.05 15.14 26.76 62.53 57.97 26.18 79.93 3.38 39.54 12.06 24.53 51.08 72.35 93.79 91.72 4.97 83.47 25.18 5.52 48.06 24.41 36.05 59.75 27.8 85.32 99.02 57.45 50.84 3.36 31.73 
1.97 6.82 12.8 91.16 65.11 70.22 71.82 64.38 21.68 15.61 66.93 10.92 32.13 22.22 39.65 66.06 75.54 36.26 2.0 71.32 83.47 5.87 7.66 58.85 2.06 2.97 23.56 79.64 14.56 98.54 3.42 32.08 89.13 63.42 98.83 17.0 78.17 25.7 56.36 18.07 84.2 27.13 39.65 82.32 24.96 86.43 84.6 54.49 75.51 94.92 42.41 1.18 38.83 41.6 90.58 45.94 97.99 88.66 95.02 24.74 32.89 96.22 87.92 62.94 42.2 25.37 85.42 69.36 97.39 32.55 6.65 40.92 70.01 4.84 71.62 72.08 15.21 75.84 49.15 67.4 65.42 4.98 97.91 62.61 86.33 99.0 94.09 69.98 74.0 3.94 66.98 76.88 26.97 98.21 70.49 43.24 9.6 73.17 2.83 62.96 
34.68 95.8 49.36 77.33 31.71 10.62 64.18 54.29 35.17 52.19 25.06 76.14 22.1 8.14 93.09 11.02 52.06 93.6 83.67 78.0 14.14 72.29 8.63 54.58 65.45 86.96 80.62 16.72 53.43 42.57 80.35 45.91 50.46 18.86 74.95 86.0 93.19 76.47 41.31 82.93 11.59 60.04 92.29 94.91 52.86 95.17 25.41 17.36 54.04 22.22 13.99 27.47 93.68 9.23 38.81 16.48 57.98 38.69 14.57 44.2 89.36 68.41 0.25 20.18 46.73 25.54 94.73 88.43 95.79 4.58 9.9 68.61 64.95 4.96 82.36 85.49 47.96 62.17 31.71 0.94 7.78 97.39 98.58 47.35 37.85 34.92 98.79 50.53 66.98 14.14 11.23 20.88 51.56 53.44 76.81 86.93 85.14 7.02 23.05 42.5 
69.54 92.46 45.01 80.14 33.83 56.79 66.76 87.08 58.02 92.01 79.71 87.4 56.83 6.9 4.38 24.06 5.51 11.71 49.98 88.1 44.5 74.29 53.03 18.65 82.71 62.2 60.33 17.01 30.07 93.78 84.39 40.97 29.33 82.97 0.13 71.26 24.18 77.85 70.3 71.04 96.46 60.62 84.54 91.61 28.41 98.21 71.45 12.57 97.87 6.79 96.73 43.21 93.99 21.09 91.77 53.32 48.86 39.86 66.11 46.28 16.67 52.62 45.53 35.01 96.08 39.51 42.39 32.26 83.67 76.14 9.51 20.71 66.97 68.35 50.2 25.57 13.87 87.93 57.53 72.42 92.13 79.76 34.07 76.59 57.15 63.18 99.54 76.93 79.42 56.05 28.5 96.1 43.94 8.61 72.61 82.79 42.97 46.04 12.88 66.67 
0.99 83.6 56.02 36.19 15.92 96.32 36.09 31.33 74.37 96.32 7.74 28.74 0.23 95.23 20.44 84.96 25.73 6.6 44.6 95.07 32.1 73.72 79.84 18.69 92.79 92.06 13.34 22.94 66.59 32.22 11.86 92.89 30.15 59.32 24.91 64.09 9.83 87.79 48.51 38.89 71.37 6.76 49.14 58.33 52.48 60.44 75.46 15.08 78.36 70.53 92.21 9.1 82.84 42.99 54.5 67.56 69.13 10.5 4.07 73.14 83.18 23.5 9.02 70.86 39.84 17.75 88.12 52.37 37.79 54.47 57.18 49.11 22.21 50.18 10.4 0.64 6.31 87.81 2.71 2.99 42.35 28.0 30.57 83.49 40.73 20.0 17.91 92.9 71.91 45.67 1.94 53.64 49.76 16.21 78.73 53.74 87.71 81.93 12.81 30.07 
38.91 7.87 36.7 41.63 80.72 14.58 66.42 93.82 79.93 82.6 37.44 38.13 80.51 71.61 21.65 38.09 88.01 10.75 20.49 62.03 86.19 75.44 42.0 35.77 10.4 77.65 60.31 64.53 19.69 61.72 24.76 12.15 54.77 15.69 33.1 7.79 42.72 79.48 7.95 35.8 11.02 55.45 19.35 52.5 3.0 4.29 77.13 65.39 44.96 39.96 76.74 4.77 1.21 20.85 19.38 15.52 67.33 71.22 43.28 97.8 94.34 57.0 96.72 29.23 6.82 83.12 55.31 8.5 76.63 75.42 36.24 70.25 40.43 60.01 90.33 34.84 4.07 54.95 59.19 72.84 59.83 44.89 69.18 83.88 53.46 18.04 96.35 12.05 77.18 6.47 77.61 46.24 32.1 85.94 61.81 82.4 98.89 59.22 91.71 57.2 
79.04 68.37 82.64 97.69 20.87 55.54 17.23 69.77 23.96 19.28 6.48 50.1 23.86 94.22 77.38 90.42 94.76 15.21 34.5 91.22 72.17 14.25 8.96 52.45 89.69 38.15 51.9 22.98 44.57 68.24 51.57 27.72 55.24 69.29 53.26 11.46 50.61 94.48 39.61 1.99 35.68 25.42 84.93 61.38 11.13 31.87 31.96 64.25 85.29 94.65 51.85 14.13 6.29 46.77 38.97 85.48 59.35 52.99 60.98 57.35 19.69 66.0 31.6 87.24 24.83 68.52 98.57 58.81 32.14 35.09 42.48 25.36 56.8 24.71 63.66 62.66 43.56 45.88 93.6 39.33 11.68 19.66 4.99 10.67 26.47 2.71 10.46 42.59 93.21 22.72 33.52 76.68 39.73 21.21 7.45 54.16 52.24 95.3 8.04 26.9 
55.91 79.0 54.06 97.15 86.31 7.39 15.88 44.01 80.82 62.23 57.02 14.24 30.08 6.53 96.18 78.02 68.82 77.31 17.75 75.82 52.58 20.74 77.9 11.78 62.31 21.83 50.18 81.05 2.35 2.24 29.78 53.84 8.98 33.84 68.56 77.15 66.43 43.36 44.71 96.87 35.3 63.69 80.03 47.49 34.21 21.54 5.54 4.24 79.79 37.5 41.85 43.74 82.26 54.85 4.73 12.8 14.56 6.41 67.82 62.51 21.01 74.77 15.16 64.74 8.73 0.83 93.87 91.83 69.4 47.85 34.11 6.37 12.03 33.69 37.49 78.01 48.46 2.92 48.09 16.76 62.36 21.94 10.77 88.04 9.9 45.43 90.29 54.11 45.64 20.46 71.83 68.11 40.63 65.64 88.42 32.73 61.55 87.38 24.4 23.52 
9.31 72.19 24.75 68.52 73.62 25.13 0.32 70.51 45.9 7.79 55.96 55.91 47.24 66.16 84.71 35.22 70.25 28.68 64.86 64.01 4.11 97.75 68.6 0.31 10.73 54.38 41.36 65.0 46.52 44.68 38.76 24.56 78.93 19.51 14.87 32.61 30.21 54.26 39.54 85.92 91.4 84.19 85.48 73.5 89.08 52.67 66.39 23.25 54.54 84.83 26.1 79.54 40.42 66.72 76.0 77.35 53.54 31.76 52.87 13.85 24.12 30.29 22.55 56.46 11.51 85.46 86.17 68.41 54.42 19.54 55.21 76.76 9.67 68.01 49.32 56.31 87.61 86.01 36.25 53.22 84.74 91.39 77.46 26.3 34.33 81.78 64.82 41.18 44.52 9.28 33.66 12.68 69.92 95.76 16.12 54.07 67.6 23.95 54.68 58.5 
21.27 45.42 30.52 7.61 78.33 4.98 73.61 74.67 33.88 92.89 12.7 66.01 12.94 1.35 91.56 23.16 47.37 79.68 25.35 90.33 17.96 53.65 95.82 37.1 33.24 99.23 87.28 14.7 46.87 37.86 46.68 15.54 73.14 51.28 10.69 0.47 45.98 97.63 80.06 55.93 81.44 47.24 37.42 43.94 45.59 46.41 98.51 12.14 0.26 60.84 58.81 37.87 97.54 46.22 47.49 90.89 20.88 43.0 29.11 12.36 24.93 94.76 99.51 24.55 9.7 45.19 7.08 5.2 75.26 77.3 93.13 83.06 42.5 20.38 85.57 37.45 92.9 65.18 99.37 13.09 75.35 95.73 93.89 94.3 51.89 67.52 12.46 17.08 5.8 36.13 82.69 36.82 15.12 67.63 87.5 10.2 2.86 42.82 26.12 94.89 
10.94 1.03 72.12 18.17 9.19 56.05 1.08 16.73 43.09 56.46 4.48 3.58 44.08 56.17 28.27 75.43 75.15 6.67 74.81 33.96 60.8 82.08 84.83 57.86 55.37 0.61 72.83 29.12 36.7 11.26 23.32 86.33 72.93 73.65 68.29 51.0 99.66 70.54 56.86 48.41 61.72 57.39 96.83 23.6 19.42 71.73 95.09 35.35 92.57 95.88 48.54 96.13 17.23 91.25 40.87 14.38 19.99 99.69 81.44 87.14 72.42 37.87 82.33 85.37 74.43 94.65 7.04 72.52 29.36 77.78 40.08 97.21 16.04 46.74 20.48 5.39 33.29 11.04 54.45 24.3 91.01 69.93 72.22 80.55 48.65 18.62 22.4 28.57 56.47 48.44 3.84 81.59 38.28 24.15 18.87 57.36 64.91 30.19 95.0 73.42 
7.16 39.45 62.44 52.57 24.27 73.09 93.9 28.22 39.02 88.15 9.97 71.57 74.6 50.64 28.56 97.54 79.56 26.33 90.02 45.07 47.34 48.74 21.06 68.62 44.55 4.53 9.79 22.53 98.24 10.1 52.15 67.67 56.6 40.04 95.4 80.38 29.93 8.04 48.39 98.17 38.8 93.87 50.23 93.45 45.22 56.32 89.11 26.84 19.07 71.28 41.1 95.14 96.95 86.52 55.48 55.43 23.44 90.3 47.04 76.45 25.72 49.81 68.98 41.03 62.04 87.01 30.43 99.55 1.17 24.5 91.4 52.9 36.09 52.13 15.31 26.12 8.1 36.25 83.83 78.63 19.58 17.73 82.55 85.8 43.31 22.44 46.76 17.61 94.02 38.38 16.7 35.37 14.18 97.34 88.61 24.62 39.85 35.83 64.28 83.76 
55.05 99.84 94.98 91.47 13.09 1.34 88.27 83.53 2.41 30.2 95.77 79.58 60.52 74.89 28.51 14.01 94.88 7.64 52.65 41.38 52.22 45.22 2.95 6.69 88.99 5.29 13.91 93.42 34.66 40.09 9.23 88.05 6.89 44.15 9.09 29.1 33.16 0.7 11.68 40.37 56.79 52.83 80.65 83.88 56.98 59.53 23.21 5.83 92.41 24.47 74.94 90.89 85.71 65.62 17.12 84.36 2.2 27.76 39.62 89.82 40.46 26.63 28.34 0.52 44.57 53.46 0.03 76.95 68.29 61.58 29.1 39.94 69.93 3.2 11.53 9.26 93.42 83.56 88.61 80.57 95.75 52.19 10.27 0.52 13.89 56.6 51.65 69.26 25.56 42.4 9.5 72.17 46.88 95.61 95.71 18.98 27.87 87.94 13.79 46.92 
51.5 3.83 51.62 27.06 16.13 99.25 48.41 98.05 82.41 66.66 97.25 39.93 95.66 57.7 26.09 92.15 52.8 46.21 59.11 14.63 68.56 97.31 98.46 88.29 10.31 45.6 81.71 52.59 12.74 75.17 64.45 81.45 54.33 37.19 49.32 6.01 75.9 37.27 32.87 3.21 48.23 73.83 69.93 82.22 50.64 11.29 61.45 17.45 5.06 27.43 56.23 96.49 21.58 83.06 19.67 74.01 50.14 23.71 63.28 48.56 0.66 38.3 47.55 8.26 89.25 67.57 67.79 23.39 91.47 76.34 7.7 99.34 35.67 78.05 98.51 41.46 48.72 27.31 52.94 25.15 74.83 76.97 52.84 9.04 23.88 29.63 56.7 76.74 69.93 0.64 59.15 43.78 12.95 49.34 78.45 20.17 37.09 28.46 69.64 76.09 
47.4 47.85 61.54 18.75 43.62 47.79 93.64 51.57 94.32 29.94 85.57 53.36 7.76 99.15 5.97 85.06 56.7 28.43 20.64 3.93 3.6 70.84 90.08 41.49 90.05 7.31 55.73 79.89 99.53 37.22 1.0 44.15 76.14 89.93 98.47 12.47 83.82 59.71 57.55 35.52 20.01 43.89 68.59 46.83 55.9 94.72 98.73 41.33 61.33 79.2 32.25 96.7 86.64 77.54 64.16 12.93 15.89 41.52 49.57 49.77 76.48 76.45 83.04 48.69 88.56 6.96 32.7 36.3 64.55 36.18 81.73 19.51 23.39 10.12 36.45 99.21 67.64 54.74 44.45 49.05 82.14 62.05 29.06 28.3 52.28 62.9 87.03 24.03 67.17 39.79 15.14 46.63 68.57 0.37 28.45 34.84 29.58 54.02 8.13 61.83 
99.29 7.91 69.77 72.08 28.84 26.58 74.61 20.41 2.7 79.41 15.55 29.24 34.71 34.4 97.53 27.67 52.68 43.09 97.15 87.02 87.68 1.62 30.92 21.49 4.57 66.12 82.93 79.61 58.68 46.36 43.04 12.5 40.44 1.55 85.07 68.34 74.39 13.91 70.45 28.8 72.03 21.89 97.67 73.14 98.84 52.97 30.15 27.99 5.14 8.38 26.03 37.15 87.63 16.49 62.17 64.42 93.85 90.12 91.75 24.82 55.5 93.9 99.69 24.6 38.0 52.26 23.58 79.07 23.51 6.21 89.16 68.57 2.74 57.21 68.58 87.64 36.63 20.72 7.6 40.19 63.3 48.24 83.51 34.29 67.95 67.0 49.22 34.28 3.77 29.45 91.21 35.04 50.39 60.66 78.92 33.34 23.27 41.35 11.59 84.92 
1.94 66.67 74.6 51.94 28.09 76.07 2.21 65.67 35.57 58.87 5.83 51.51 13.28 1.44 68.01 89.64 69.64 57.16 20.92 13.51 62.19 88.15 25.14 80.42 79.96 49.26 39.85 83.87 17.52 58.85 28.46 15.55 59.48 28.4 75.18 26.53 2.39 3.69 97.68 81.64 76.57 3.82 28.24 49.01 94.93 31.18 1.78 17.36 48.03 65.59 32.96 87.93 84.87 48.59 86.43 44.7 67.71 10.41 44.45 67.3 65.7 91.1 54.37 13.79 56.84 60.08 94.73 67.56 40.96 43.69 33.29 11.81 27.06 29.17 62.79 68.12 47.99 25.11 91.13 11.26 72.15 23.71 31.3 51.51 27.91 27.83 83.53 58.05 29.52 77.34 27.19 81.77 95.14 33.37 43.11 24.82 77.45 56.7 68.42 95.2 
85.05 46.91 45.5 79.74 59.04 92.67 64.12 66.19 83.28 20.5 11.74 46.4 49.02 19.03 40.51 36.18 65.23 58.95 31.93 55.0 4.27 25.3 89.67 18.45 99.22 27.45 19.78 10.28 64.25 55.32 63.58 16.82 91.82 5.24 32.96 26.66 92.15 8.19 60.7 20.99 78.9 54.32 18.85 5.83 72.96 23.3 77.19 66.59 90.96 97.4 70.69 57.35 9.36 56.03 20.23 72.6 46.07 24.25 3.6 87.51 81.52 75.72 5.64 94.28 49.25 70.53 85.51 6.92 61.72 42.7 86.92 54.26 1.45 38.31 82.57 32.18 99.93 45.8 88.28 39.88 46.89 52.36 3.93 82.09 21.34 7.22 38.63 79.59 12.26 71.39 55.62 93.64 1.73 86.2 28.94 36.24 16.1 98.38 38.18 8.38 
11.86 38.24 40.26 80.26 52.15 59.11 48.08 4.38 46.84 11.5 14.52 30.53 74.98 43.06 67.34 74.29 81.41 87.0 65.6 75.95 41.49 25.79 51.47 74.77 17.29 94.23 52.69 15.42 86.81 17.0 50.2 97.8 13.53 58.89 63.4 79.29 38.09 3.34 20.93 39.27 15.84 64.34 78.78 20.07 94.69 80.16 19.68 65.05 26.02 33.41 17.55 85.38 28.29 91.28 79.19 0.15 77.44 62.24 81.78 10.87 81.52 21.07 8.98 91.32 7.58 62.76 51.37 96.22 68.42 7.7 77.28 18.29 43.68 95.4 99.45 51.92 5.51 72.07 59.29 54.33 42.45 98.85 26.13 29.81 26.71 81.23 61.86 1.33 50.01 48.31 32.68 75.3 60.93 90.59 59.16 49.76 72.84 98.92 83.62 64.06 
75.52 34.08 99.14 39.11 75.98 96.16 28.82 11.13 14.36 56.34 65.58 18.98 49.34 59.59 82.91 65.44 84.0 6.07 5.48 36.3 8.25 71.87 84.34 27.34 66.29 34.71 56.57 99.14 19.15 29.44 81.23 52.43 61.17 69.64 34.63 92.35 66.58 36.71 16.46 29.22 88.06 55.96 65.54 45.52 2.27 50.2 9.0 43.73 99.31 85.96 71.63 78.68 42.66 4.46 54.04 68.81 84.32 60.6 47.24 76.03 5.5 76.3 88.98 41.17 67.81 51.93 83.26 63.16 1.85 68.99 97.58 13.92 30.73 60.7 25.28 88.14 24.37 23.07 49.63 97.5 7.38 88.34 75.26 31.85 97.81 85.45 98.3 27.03 37.17 67.27 71.43 97.96 83.0 93.38 82.5 18.82 74.66 18.94 6.12 57.96 
50.01 54.95 6.46 3.94 86.26 33.54 66.46 51.6 61.79 32.83 93.86 51.9 87.23 90.56 7.48 68.15 34.14 62.74 38.72 22.11 97.34 64.44 92.62 58.85 63.03 63.45 0.39 6.18 18.96 84.27 61.22 56.03 35.41 19.88 14.76 48.84 65.76 41.91 7.85 99.09 64.37 45.88 19.13 60.52 95.85 67.48 83.23 92.99 14.76 58.5 12.89 59.21 27.65 16.38 51.51 49.43 10.26 20.14 1.38 4.83 42.14 37.16 63.68 86.22 37.91 30.51 94.96 13.72 99.98 14.13 31.83 85.19 91.15 74.82 60.94 66.33 26.91 4.01 14.11 34.06 17.33 59.88 50.26 45.82 46.13 10.77 45.01 2.6 60.73 94.88 46.39 70.68 61.01 67.64 70.99 28.58 17.13 98.34 8.69 9.06 
16.75 20.68 75.88 13.76 40.93 37.92 7.48 87.81 94.42 32.8 6.09 55.45 70.79 34.75 73.0 34.1 16.03 52.51 30.28 63.9 64.91 88.93 5.74 12.52 63.96 16.59 93.3 41.05 61.82 7.8 20.16 45.48 43.43 80.62 49.07 20.86 7.87 43.63 19.21 29.92 41.44 96.74 82.29 96.84 17.26 72.41 21.92 88.11 60.7 82.62 53.71 86.89 55.79 70.29 91.24 15.51 32.15 50.84 28.64 11.07 64.15 69.48 34.48 13.55 34.37 92.87 73.6 82.65 62.04 0.03 73.55 20.16 73.77 36.64 30.73 37.65 98.8 49.31 7.31 76.09 3.58 22.04 4.92 53.55 41.9 95.72 13.31 89.74 85.68 63.31 23.19 32.32 19.03 98.38 61.1 88.54 23.33 92.62 51.26 48.29 
54.97 49.3 34.46 69.61 18.64 3.79 77.05 86.17 69.24 19.79 84.84 87.8 33.1 40.51 95.77 19.71 25.43 57.69 63.11 43.78 54.84 98.06 56.51 6.29 48.41 17.1 2.12 60.24 0.9 32.62 55.0 97.88 50.25 27.18 47.11 58.95 8.4 97.54 82.32 93.78 31.0 31.77 56.43 76.76 92.65 50.42 64.38 85.46 45.26 56.35 19.71 83.2 76.22 0.39 51.84 69.0 50.65 84.08 65.74 87.73 17.0 89.58 45.35 25.35 79.08 47.49 57.46 49.52 89.21 27.93 65.75 94.06 96.91 67.53 96.13 27.56 95.51 25.6 4.11 90.56 45.03 96.53 82.15 34.09 13.96 91.98 11.32 42.64 74.77 46.82 4.6 79.16 8.26 95.47 11.99 46.38 20.82 11.54 56.95 19.31 
54.75 3.28 52.45 66.98 77.05 9.35 1.01 48.1 64.79 45.27 17.56 34.82 66.22 9.67 26.64 91.62 5.95 70.94 76.23 12.24 19.8 20.12 79.16 96.55 50.5 93.91 40.23 31.29 8.58 42.66 52.06 24.04 4.87 42.79 46.21 28.03 90.48 30.31 67.02 86.95 98.38 62.78 95.61 23.56 66.23 0.83 88.63 93.56 34.94 36.93 12.28 27.31 59.1 89.25 46.08 85.55 36.16 21.48 2.49 62.98 59.79 45.64 59.02 83.19 29.32 14.12 27.23 42.42 2.18 9.97 89.88 75.57 58.87 99.54 21.4 37.97 61.38 20.65 69.98 18.85 24.85 41.28 19.86 28.52 89.68 38.24 71.61 30.26 76.75 14.11 74.87 19.8 31.72 91.19 23.34 91.0 16.44 95.99 74.88 64.2 
84.77 75.12 90.95 95.62 88.54 63.81 99.32 30.57 95.07 62.32 71.07 11.06 61.85 62.02 69.27 99.37 6.49 3.06 69.96 32.98 30.26 38.39 78.57 83.52 2.13 25.46 64.55 52.54 86.82 65.81 15.44 0.45 5.34 65.46 68.14 71.25 49.24 94.59 9.03 45.58 30.78 83.53 47.93 27.01 40.62 4.06 60.97 42.8 1.74 49.84 66.67 19.03 53.65 47.92 46.47 72.18 74.75 4.48 45.72 44.74 52.01 12.24 94.91 0.42 37.34 24.38 71.74 86.38 87.37 30.45 84.48 64.34 70.14 53.5 94.38 10.24 35.53 24.22 10.87 82.91 89.26 78.12 87.03 66.49 80.26 64.68 14.57 98.03 9.89 53.63 68.17 2.41 98.24 72.81 76.67 69.71 97.28 14.61 5.34 26.97 
23.81 3.37 17.88 75.75 96.04 24.91 49.12 89.59 96.82 81.38 60.58 91.58 53.77 49.06 69.39 61.03 22.24 85.38 38.55 50.44 80.01 52.1 91.07 29.29 95.05 96.49 64.31 9.4 6.66 59.04 51.69 48.34 68.87 57.59 88.72 71.62 40.66 30.86 27.93 2.71 71.77 11.53 12.6 40.16 25.2 38.66 3.6 75.68 98.02 12.76 35.22 3.8 50.28 42.44 76.06 34.07 29.04 31.34 49.38 80.26 78.7 6.34 23.56 67.42 62.2 93.47 17.8 67.15 78.53 6.9 80.74 44.6 50.94 27.9 90.67 76.1 78.04 15.97 94.37 75.61 84.75 12.02 49.08 50.44 84.13 64.91 56.88 91.44 62.53 37.04 84.08 91.85 30.21 21.75 39.68 80.05 37.8 36.35 46.16 46.28 
44.62 37.94 73.77 41.16 39.34 46.07 24.95 24.62 55.61 46.35 49.63 47.91 95.72 92.06 43.78 58.53 73.83 17.07 34.02 28.14 17.24 22.55 79.1 16.73 18.37 2.78 25.56 3.27 13.87 30.34 39.19 32.13 77.41 30.25 96.66 47.69 52.61 34.01 62.3 15.39 19.43 19.64 93.93 56.38 82.81 11.95 18.64 55.01 96.07 38.16 94.33 33.93 83.02 8.67 26.3 29.57 2.59 19.94 39.37 42.61 7.83 57.24 15.53 82.42 86.92 8.46 94.64 72.46 38.22 87.23 1.54 34.17 23.47 3.43 6.82 21.32 63.95 12.17 50.16 33.46 92.5 18.65 55.66 97.72 51.52 15.64 46.51 71.39 31.28 82.45 22.87 84.35 76.22 80.33 1.15 9.86 47.83 37.46 25.58 25.23 
21.66 28.88 53.7 99.47 13.54 21.27 86.22 24.33 75.52 71.01 58.51 87.07 75.31 34.66 36.46 68.51 74.89 75.77 62.27 38.61 53.68 28.98 77.24 12.81 79.65 13.25 8.3 27.56 17.5 69.46 42.18 90.8 77.63 34.8 27.27 64.21 51.54 55.88 36.78 38.06 49.85 85.93 99.03 66.48 57.8 7.44 50.47 41.52 49.43 70.98 95.58 97.32 56.7 43.36 63.98 52.68 72.74 13.85 39.56 19.45 79.04 15.9 99.1 27.52 26.26 83.67 38.44 42.41 64.82 77.37 83.31 81.01 17.6 79.86 78.78 62.75 9.94 87.86 26.28 69.12 24.34 95.46 90.65 22.37 26.73 95.3 30.77 36.24 19.07 3.0 16.81 35.68 9.42 44.44 85.05 90.84 54.24 32.07 46.39 60.8 
20.5 96.48 9.12 97.33 35.25 32.61 97.97 15.25 38.93 65.88 51.99 96.96 35.4 43.22 61.69 61.54 36.4 6.12 62.38 95.68 31.12 8.5 35.25 13.06 72.49 0.95 79.93 81.84 61.07 14.59 13.52 35.51 24.73 42.8 19.39 61.58 37.5 37.15 16.53 44.55 94.78 5.01 44.86 24.95 63.61 20.72 65.59 24.74 56.49 39.48 56.53 80.4 35.2 33.86 42.39 20.41 37.04 56.45 36.99 20.77 30.21 68.95 90.69 73.73 47.07 67.99 29.59 8.56 14.75 81.0 45.57 10.35 0.88 1.79 45.91 93.33 18.96 84.44 99.76 98.1 92.68 17.08 24.77 99.26 61.39 52.2 42.07 29.04 19.94 79.12 89.93 45.6 25.33 86.07 27.51 0.37 69.79 73.98 78.82 88.01 
15.53 52.58 63.91 94.41 9.55 70.26 39.54 93.65 49.05 3.5 24.81 83.2 47.38 59.41 18.35 87.88 58.51 25.06 23.47 8.12 54.12 31.24 85.02 35.52 11.4 85.15 7.57 9.71 62.16 66.23 68.22 44.51 73.91 72.54 59.57 8.4 82.6 51.44 98.19 4.88 72.83 47.25 12.37 61.21 6.56 51.46 79.12 0.94 34.03 46.28 15.08 45.08 81.67 91.18 38.27 59.49 1.0 13.84 8.68 42.07 79.78 31.94 24.3 22.15 61.99 50.12 96.28 26.88 96.93 47.8 51.95 54.38 39.26 97.86 17.78 82.0 51.55 33.43 15.39 29.43 19.02 10.83 63.74 91.05 71.92 0.36 17.52 49.81 25.43 73.24 88.18 85.46 88.92 43.25 87.4 94.41 67.3 64.46 4.98 45.16 
75.07 82.72 83.2 3.98 11.03 87.94 77.89 78.39 95.87 16.47 2.83 42.97 58.1 8.65 38.63 31.26 64.5 35.26 49.58 0.58 30.91 68.09 93.12 2.25 15.82 85.5 24.98 18.87 95.29 71.02 0.34 62.23 40.75 84.99 46.22 60.98 73.22 63.11 33.79 5.23 47.04 23.39 10.32 57.1 24.36 43.53 60.26 80.45 37.39 4.32 52.37 91.31 99.82 81.81 95.57 80.83 20.98 10.43 70.07 17.06 96.7 32.87 22.22 88.68 99.48 98.24 11.84 14.21 67.03 69.6 78.6 3.6 93.4 54.41 50.85 25.5 59.35 76.9 54.5 3.26 99.99 70.01 92.03 35.41 96.83 76.6 52.85 12.26 98.51 14.38 84.58 79.19 20.08 77.05 2.24 79.57 44.07 15.45 37.06 95.06 
48.42 66.87 30.15 89.96 15.91 77.85 57.4 57.38 37.95 96.75 31.56 59.69 11.21 95.7 65.08 53.77 40.14 18.57 92.79 91.94 0.45 41.58 47.77 93.99 89.17 75.93 55.22 92.4 85.29 38.43 59.67 63.51 71.85 65.21 28.82 70.32 25.0 45.86 83.79 59.65 58.39 11.42 90.02 75.44 22.52 17.71 5.49 73.21 97.64 27.82 23.97 46.27 86.06 12.31 69.53 3.42 5.38 53.53 95.73 69.98 7.32 62.25 17.9 19.16 98.96 88.29 60.23 79.38 22.35 35.16 30.61 4.31 57.11 68.48 45.8 37.39 46.01 42.25 16.89 50.13 8.12 53.53 71.01 84.31 96.16 76.13 28.84 82.55 75.19 16.93 79.56 48.33 48.42 84.73 95.02 37.29 32.23 60.82 3.03 44.71 
87.72 12.73 96.06 20.66 48.76 98.54 86.2 13.97 47.46 67.39 29.62 18.93 27.45 74.06 34.77 74.42 52.41 90.15 37.09 44.25 62.67 12.52 70.25 89.62 6.43 40.94 89.01 29.86 73.71 21.1 1.64 75.91 90.8 26.59 51.82 12.62 91.14 84.16 48.87 0.56 64.4 30.05 82.93 65.65 99.77 22.05 77.67 45.96 81.68 22.19 26.48 69.06 66.81 7.45 30.59 40.09 69.35 62.65 7.13 31.58 8.69 58.64 64.0 78.73 27.95 21.44 43.98 1.01 75.1 53.65 25.84 89.94 49.23 77.95 32.04 26.41 53.7 34.54 33.87 15.92 65.34 79.05 63.44 59.9 24.06 95.91 39.09 12.9 70.93 62.79 85.62 10.9 14.41 76.76 84.33 94.32 84.1 79.46 18.86 90.83 
39.52 99.91 92.53 67.68 37.18 66.62 80.33 11.03 23.5 28.02 44.58 40.58 13.55 59.72 86.93 21.92 35.72 30.49 31.54 96.11 71.22 44.95 34.27 6.11 93.71 80.17 90.9 63.27 19.5 86.0 73.94 63.55 11.24 24.31 61.71 32.54 39.49 81.32 36.42 51.51 95.3 98.58 18.31 92.18 64.61 33.56 71.88 67.24 20.4 78.54 67.48 85.55 62.13 37.82 6.07 86.31 33.79 87.59 18.75 14.88 81.59 20.28 33.68 94.4 69.99 5.54 62.54 41.89 61.39 84.05 96.34 75.57 78.26 46.97 16.07 60.59 9.3 43.61 17.55 44.75 91.45 3.54 21.7 42.73 97.99 54.7 91.86 37.48 89.84 69.33 7.47 81.25 41.77 71.17 50.47 94.63 38.35 93.41 44.58 82.12 
45.24 85.53 50.61 5.2 0.77 28.7 61.71 79.94 40.11 34.74 60.89 94.91 59.4 71.38 0.76 77.77 51.16 77.96 39.91 73.52 93.74 9.9 23.93 36.47 57.25 77.85 30.45 78.84 96.68 27.76 6.76 64.05 38.5 42.13 16.44 80.22 31.66 29.17 77.09 80.31 25.65 6.88 14.96 29.51 59.42 81.77 84.48 57.29 92.55 68.48 0.6 72.27 87.79 95.6 10.07 60.77 57.85 95.59 84.42 57.21 23.05 82.27 51.43 43.34 86.92 77.88 94.79 6.74 26.35 63.73 42.39 64.39 9.93 93.28 32.27 36.46 3.74 24.57 92.46 37.36 97.2 0.18 96.01 36.53 83.37 27.1 55.62 29.69 57.83 86.4 3.71 52.84 58.22 33.29 63.3 65.91 52.49 31.43 52.52 30.78 
98.08 2.8 81.35 9.11 36.63 63.7 93.19 9.59 59.11 61.13 75.57 21.33 74.85 19.45 14.59 80.14 44.62 57.08 95.87 28.23 92.67 34.86 61.05 43.99 95.54 53.74 13.53 38.32 56.59 28.04 29.54 36.75 14.11 21.96 71.49 92.31 98.51 52.66 19.29 3.44 49.23 30.62 32.45 42.84 25.51 29.63 30.75 38.98 97.17 52.81 34.43 90.02 80.94 88.71 36.47 31.4 95.91 31.94 88.64 23.22 48.0 76.51 70.93 70.99 16.84 77.05 79.43 44.45 11.66 12.62 11.76 13.01 82.19 81.44 51.04 73.64 20.01 0.5 49.49 7.0 61.81 83.73 90.96 61.45 11.07 24.71 68.16 30.55 27.73 15.41 44.58 59.73 95.99 91.2 84.04 90.35 70.1 4.25 21.08 25.18 
14.81 92.25 14.77 78.58 2.91 27.5 75.06 56.57 5.6 2.72 76.06 97.3 13.16 34.04 73.95 90.89 53.21 39.24 28.35 88.95 31.81 79.78 85.73 8.86 8.42 38.96 20.67 35.66 30.26 45.23 46.94 25.08 93.7 39.62 3.85 15.47 70.61 29.6 95.51 63.42 36.48 67.35 10.57 28.11 63.4 40.37 78.45 42.8 96.01 64.11 24.22 28.44 11.36 22.61 68.85 23.92 74.73 11.16 84.14 30.32 42.48 97.17 52.31 92.29 30.34 30.44 99.27 68.86 61.19 1.76 67.2 77.88 29.37 70.28 67.61 33.85 70.95 54.27 8.85 36.89 8.43 7.23 23.72 12.46 46.87 82.25 32.16 45.94 34.08 20.59 61.47 3.8 61.84 87.93 12.59 84.16 77.39 21.28 4.4 93.52 
94.74 42.61 50.23 3.42 44.11 41.73 20.91 1.19 74.14 29.89 26.62 12.31 26.6 18.38 6.51 38.35 36.11 81.67 49.27 24.07 68.36 23.49 80.49 40.19 99.6 76.1 43.52 43.91 57.39 27.77 69.13 58.66 87.95 91.67 76.5 96.2 89.2 0.68 72.91 30.02 49.93 36.56 23.05 16.8 65.61 79.88 39.79 54.61 59.04 97.3 8.24 60.98 20.3 66.5 91.95 51.73 94.35 76.12 86.39 2.33 87.15 27.86 78.22 77.66 31.52 10.78 41.22 23.02 52.34 14.42 49.48 19.57 97.58 96.35 17.03 20.83 56.31 22.35 79.22 3.2 67.76 52.93 15.56 83.28 36.52 58.63 76.69 77.35 8.19 8.37 18.36 4.38 27.05 90.02 64.68 62.9 92.68 90.35 19.41 44.18 
56.07 82.94 19.44 79.37 47.35 46.73 77.8 56.78 7.17 65.42 94.76 86.85 1.45 38.49 25.16 36.96 35.58 68.24 77.72 6.21 47.97 74.28 87.68 60.89 55.34 26.48 48.16 5.49 42.56 80.8 7.4 21.41 38.27 48.46 39.28 65.31 94.21 28.1 72.68 83.11 91.05 83.45 21.58 61.29 26.3 53.94 92.41 7.73 1.08 45.02 57.4 26.23 11.43 56.4 73.94 25.22 67.44 71.41 98.31 80.13 8.64 48.87 89.35 50.79 57.75 29.87 22.75 40.72 56.48 96.45 39.84 73.47 57.03 96.26 35.93 52.58 0.47 78.11 53.1 66.51 99.68 66.94 79.51 97.6 58.42 43.53 73.34 94.9 0.32 84.21 23.19 74.82 52.24 58.93 28.72 20.65 24.81 82.22 35.48 62.33 
59.59 60.91 86.06 30.95 67.28 84.84 56.01 99.39 64.02 62.54 27.51 39.78 24.23 12.24 16.45 51.37 7.1 80.79 8.93 38.32 81.75 77.66 82.61 45.69 70.92 79.39 84.82 94.5 56.83 81.19 14.64 91.35 44.7 46.36 9.49 27.13 58.76 32.11 67.84 20.25 53.87 50.35 49.35 5.01 61.76 56.41 81.31 12.94 55.08 44.75 65.87 46.33 4.66 71.19 26.55 96.78 25.91 14.02 54.26 18.88 58.81 32.55 13.52 29.51 2.47 81.07 47.37 66.33 30.18 88.57 76.19 5.9 43.7 20.03 19.78 11.09 86.63 94.13 85.01 50.59 25.69 43.48 51.69 8.98 26.42 69.11 58.5 84.8 94.59 58.3 37.52 56.35 28.93 6.66 71.22 80.05 31.66 9.23 48.82 74.73 
53.68 63.1 80.39 36.5 8.94 54.37 86.43 23.7 78.51 86.27 18.46 49.07 39.11 41.71 81.54 17.13 93.19 63.79 23.87 48.97 47.92 80.75 30.39 43.35 89.16 97.9 7.23 33.83 22.9 28.58 72.57 14.54 11.74 38.64 75.25 23.98 16.68 34.25 47.41 95.77 65.52 31.88 59.66 8.07 8.57 10.86 88.41 89.12 89.22 63.91 23.35 65.73 52.86 29.32 40.51 73.12 40.78 9.19 41.09 80.28 67.35 53.02 9.73 23.13 58.97 12.92 76.95 79.26 40.61 57.48 80.25 62.85 92.27 65.11 5.83 65.8 61.57 4.18 58.47 22.43 11.16 47.69 51.3 28.59 99.84 62.69 28.86 3.62 44.96 61.43 37.0 43.51 90.39 0.2 31.54 77.26 8.92 64.2 73.87 4.62 
1.0 82.72 96.02 63.51 12.88 77.22 30.55 47.5 86.04 56.87 91.21 70.33 67.41 41.09 59.11 52.87 55.17 6.64 76.28 90.42 28.35 27.99 73.44 43.3 10.31 4.09 62.11 82.15 45.87 41.94 2.51 10.9 29.58 98.22 18.2 84.81 9.14 63.55 65.89 39.0 1.56 11.09 84.81 43.59 2.39 21.04 43.62 5.53 38.51 35.41 74.96 44.64 13.59 94.17 37.84 81.13 22.01 52.62 76.19 85.73 61.72 82.61 48.36 59.84 59.55 15.78 86.79 32.66 33.5 95.48 9.52 85.23 55.52 66.17 46.29 37.05 45.88 43.68 60.43 59.91 25.3 78.03 44.93 15.84 74.97 41.68 46.16 51.26 5.69 50.25 21.92 17.74 17.72 50.33 71.79 31.34 40.45 89.5 87.26 27.22 
77.16 17.42 56.86 13.76 44.35 53.62 26.84 81.38 87.33 97.56 62.37 75.53 74.2 49.67 75.6 99.91 18.88 58.1 87.56 76.72 60.52 5.58 68.6 53.89 31.35 2.63 58.88 15.75 78.16 59.7 4.58 23.38 63.14 68.76 58.21 83.34 59.65 37.26 82.03 19.66 75.2 81.88 62.78 2.91 79.54 7.98 92.24 72.04 89.49 71.39 94.0 70.38 63.37 43.93 79.39 5.06 88.12 81.17 97.36 31.17 99.82 21.72 2.2 56.09 64.35 30.87 0.84 57.44 59.47 38.32 57.09 9.09 41.24 9.7 23.98 13.29 48.74 34.48 47.49 44.58 99.21 9.32 34.88 20.94 52.47 44.97 9.14 31.43 78.37 27.47 77.46 65.72 43.75 19.81 26.06 10.8 46.65 99.04 16.2 2.8 
